75 51 91 46 57 98 78 76 84 76
25 19 26 17 26 17 26 29 26 17
66 98 49 58 71 81 51 61 51 72
87 46 91 84 99 67 72 65 95 62
49 78 97 81 51 61 90 76 69 94
85 86 87 46 51 91 63 72 51 46
64 62 95 46 51 79 58 59 58 59
68 80 47 75 74 89 57 46 51 75
44 43 81 51 61 90 85 83 60 56
91 63 91 51 79 58 54 74 75 47
3 11 14 9 10 5 10 9 13 12
98 67 64 53 47 49 58 89 60 87
0 5 10 9 12 13 7 4 10 3
51 61 90 11 2 11 14 13 9 10
48 85 83 60 87 48 58 49 26 17
84 99 67 54 74 75 74 54 58 66
41 34 39 43 39 42 39 43 81 63
73 98 57 89 74 68 79 52 60 77
16 19 24 22 19 25 15 21 27 24
18 22 15 25 18 22 21 15 25 24
92 54 83 60 89 74 75 82 1 6
32 11 4 7 3 11 14 9 4 13
62 73 98 67 64 55 81 63 96 82
15 23 15 22 28 29 26 18 22 28
50 62 95 47 53 97 78 98 71 58
63 83 54 67 64 53 47 77 60 56
57 89 60 69 73 62 50 99 69 73
93 66 98 71 93 52 81 63 72 67
60 52 88 80 71 81 51 72 67 54
43 42 30 35 40 34 39 44 41 32
28 29 28 22 21 27 28 29 26 29
2 11 3 10 5 0 12 6 7 13
21 22 15 27 24 22 21 15 20 25
35 41 33 37 43 42 39 40 30 38
52 88 78 97 81 43 39 44 43 37
33 40 44 41 35 40 39 42 36 31
55 81 43 37 36 42 30 37 34 40
78 60 77 47 95 46 87 86 85 86
74 68 80 88 52 93 66 59 58 71
34 43 44 40 34 37 33 41 34 37
97 81 62 64 55 81 63 72 65 95
90 61 51 81 43 34 41 44 40 34
27 15 22 19 26 17 26 18 22 24
86 48 50 48 50 57 71 93 52 88
36 31 34 40 39 42 36 37 43 81
79 51 46 87 60 99 50 80 71 93
61 47 75 88 80 71 93 66 58 79
95 47 61 51 46 57 89 60 77 89
71 58 79 52 93 66 98 49 47 49
13 7 6 1 82 92 54 58 79 68
12 13 4 1 6 12 13 9 4 7
14 9 7 6 0 12 9 10 5 11
72 63 91 63 96 82 74 54 58 66
54 83 54 67 99 60 56 71 57 46
1 6 12 13 9 13 14 11 2 11
80 77 95 46 57 79 68 82 75 74
37 39 43 37 39 42 36 30 37 30
30 35 41 34 40 33 41 32 41 34
29 25 19 16 21 15 20 26 17 26
11 90 61 51 81 97 78 60 56 71
22 18 22 28 27 21 15 22 21 27
23 15 27 24 22 21 16 19 26 20
69 76 78 60 69 76 78 60 69 99
17 26 49 93 66 98 78 88 52 93
38 30 40 44 41 44 43 42 36 37
6 12 13 7 6 0 10 3 11 90
9 10 4 9 7 13 12 6 7 4
82 1 4 11 90 61 47 95 86 85
46 51 79 58 54 83 63 72 67 54
77 57 49 78 88 75 82 68 80 77
26 19 16 21 22 24 19 25 29 26
59 66 98 78 60 83 85 98 73 69
53 97 53 88 80 47 49 57 65 55
42 36 30 37 43 39 44 40 34 39
8 0 12 13 9 10 4 7 6 12
58 71 56 60 83 85 86 65 55 60
83 63 81 71 80 77 95 62 45 62
39 37 34 40 35 41 32 11 2 11
45 62 50 99 67 64 62 50 99 69
24 25 20 15 27 28 19 26 49 98
4 11 5 10 9 13 12 0 5 11
31 36 42 39 34 37 30 35 41 34
40 33 41 44 39 37 30 40 44 43
20 15 21 16 19 24 27 15 22 18
96 82 75 51 91 51 72 63 91 46
47 95 65 72 67 72 65 57 65 55
19 24 22 15 20 26 18 25 20 15
70 98 49 26 19 24 27 21 22 15
99 69 73 62 84 91 66 59 58 66
65 57 77 60 99 84 76 78 60 87
5 0 7 4 13 14 11 90 11 2
67 72 63 96 63 81 92 81 97 56
81 52 88 80 68 82 92 81 55 65
89 58 48 50 99 84 91 63 72 67
7 9 12 9 10 5 11 90 85 98
76 83 94 46 51 75 82 1 4 10
56 97 78 98 73 62 81 92 82 75
10 3 7 6 7 13 12 6 1 82
94 83 60 77 57 49 57 77 60 78
88 53 97 78 88 52 60 78 97 53
44 41 34 43 42 30 38 30 42 39
37 33 40 44 39 40 44 43 42 30
22 21 15 20 15 23 15 25 24 28
62 45 62 95 94 69 76 83 63 96
43 37 39 44 41 32 41 35 30 40
27 21 15 25 29 28 27 24 19 25
94 95 77 89 74 75 51 61 51 79
1 82 75 51 46 95 86 48 87 60
83 76 84 91 46 95 65 95 62 73
88 75 74 82 1 82 68 80 50 99
34 37 30 35 41 35 30 40 33 37
19 24 22 15 23 15 20 25 18 26
53 88 75 88 53 47 49 57 65 72
75 82 74 89 77 80 47 53 64 67
48 87 46 51 79 57 65 86 95 47
24 25 20 26 49 47 75 88 52 81
39 44 39 42 30 42 43 81 63 96
69 76 84 91 46 87 48 50 57 89
91 66 91 51 61 90 85 83 60 83
31 36 42 43 39 40 44 43 42 30
97 78 60 55 64 55 81 63 96 82
78 76 69 73 62 84 76 83 85 83
21 27 21 22 19 25 18 22 28 27
15 27 24 22 21 22 24 19 26 49
13 7 6 12 0 7 9 14 10 5
63 83 60 55 81 63 91 46 94 69
79 58 49 98 73 69 99 60 83 54
10 14 11 4 1 4 11 14 10 9
49 78 97 56 60 78 98 73 62 95
96 82 75 88 53 47 61 90 11 4
47 49 26 18 25 15 25 18 25 20
87 46 94 83 76 78 97 56 60 99
54 74 68 82 75 74 54 83 94 69
64 53 47 80 68 80 88 75 47 49
17 26 29 26 18 25 19 16 21 27
28 19 22 21 16 19 24 22 21 22
56 97 81 52 93 71 81 51 75 47
16 21 27 24 19 28 19 26 17 26
20 25 29 25 18 22 24 19 26 18
7 4 1 6 7 3 11 5 10 4
38 30 40 34 31 36 37 33 41 44
23 15 27 15 20 15 23 15 21 16
59 58 71 81 55 60 83 54 58 89
72 63 91 46 95 77 89 57 46 51
29 24 22 21 16 19 25 24 19 16
50 80 77 95 46 91 63 96 63 83
18 26 19 24 27 21 16 19 22 24
4 1 4 11 4 1 82 96 63 83
76 90 61 51 91 66 93 71 57 79
93 52 81 62 95 86 85 83 60 56
25 29 24 19 26 18 25 20 26 29
98 49 57 50 99 69 94 46 91 84
5 10 3 7 4 11 2 11 90 85
52 88 78 76 90 11 4 13 12 6
58 59 66 58 79 68 80 47 75 74
92 54 74 75 47 80 71 58 89 77
41 35 30 35 40 35 41 44 40 35
99 60 55 81 63 91 84 62 73 98
40 34 37 36 30 40 44 39 44 41
32 11 14 10 3 7 4 9 10 3
70 98 57 50 99 69 94 95 47 49
60 99 84 91 63 72 65 57 77 95
71 57 50 80 47 95 46 57 77 89
73 98 85 90 76 84 62 95 77 89
11 14 13 7 6 12 6 1 4 11
77 57 65 86 48 87 86 95 46 57
14 11 32 41 34 31 34 41 32 41
0 12 9 7 3 10 4 11 3 10
33 40 44 39 40 35 40 44 41 32
30 35 41 33 37 36 42 30 35 30
80 71 56 60 77 95 62 64 55 60
84 91 46 57 71 80 47 77 60 56
3 11 14 9 7 3 10 0 8 0
51 72 51 81 55 64 53 88 52 79
55 81 43 37 36 42 43 37 33 40
81 43 44 39 42 30 38 30 37 43
65 86 85 48 50 80 77 57 71 93
9 7 0 8 0 7 4 11 90 85
36 42 39 40 33 40 34 37 36 31
6 7 4 11 5 10 14 13 4 1
68 80 88 53 97 56 71 81 51 91
45 62 81 55 81 97 53 88 80 77
46 51 46 57 77 60 83 63 72 65
74 75 47 49 58 54 67 72 65 57
42 43 81 51 75 88 52 79 51 81
67 72 51 91 84 76 83 63 91 46
26 29 25 19 24 29 26 19 22 28
35 30 38 30 35 41 33 37 43 81
12 6 12 9 10 3 7 0 8 0
89 58 79 57 49 26 19 16 21 27
86 87 46 94 69 60 99 50 57 65
2 11 90 76 84 91 66 58 48 85
95 86 48 87 60 69 94 46 95 65
66 93 52 88 78 60 69 73 69 99
8 0 5 10 4 1 82 75 47 53
90 76 84 76 83 94 95 46 87 86
85 86 95 62 50 57 89 60 56 60
61 47 75 74 54 92 81 43 44 40
82 1 6 12 0 6 0 8 0 12
57 49 26 18 22 21 27 28 22 15
82 75 88 53 47 80 50 99 60 77
71 81 55 60 83 76 78 88 52 88
92 82 96 63 83 76 84 91 66 58
21 22 18 22 19 16 21 15 23 15
97 56 71 98 67 64 53 47 75 51
53 47 80 68 82 1 6 12 13 7
93 49 26 29 24 27 21 16 19 25
34 31 36 37 39 43 42 30 35 41
39 34 43 81 52 79 68 82 75 47
90 11 4 1 6 7 13 9 12 6
88 80 77 95 46 57 50 99 84 76
56 97 53 88 78 49 57 46 91 66
3 11 4 10 3 7 6 1 4 11
10 3 11 14 11 3 10 5 0 6
57 65 55 81 52 93 66 91 84 76
78 97 78 60 99 67 72 63 96 82
41 44 40 35 41 44 39 40 34 40
45 62 84 76 78 98 85 90 11 3
6 12 9 4 13 12 6 7 13 4
64 55 65 95 47 77 57 71 81 97
52 93 66 98 49 58 66 98 85 86
49 58 71 98 85 86 95 94 69 99
13 12 0 10 14 13 9 10 5 11
7 13 14 10 4 1 82 75 88 78
43 44 39 42 36 30 35 40 33 41
75 82 68 80 71 56 97 78 60 87
55 64 62 84 99 67 98 71 93 52
0 10 14 13 9 13 4 9 14 11
62 84 99 50 57 65 95 47 61 51
85 98 66 91 63 81 92 54 83 76
24 19 26 49 98 71 56 71 58 89
89 58 54 67 99 69 94 95 77 57
26 49 93 52 60 78 49 26 29 28
70 98 57 50 48 85 98 57 46 91
74 54 92 82 74 68 80 50 99 69
32 41 35 40 39 43 37 36 31 34
5 0 7 3 7 6 12 9 7 0
73 62 81 92 82 74 75 82 96 63
59 66 98 78 60 83 85 48 58 54
17 26 29 24 25 29 26 18 22 21
19 28 27 28 22 19 24 29 26 19
40 39 43 37 43 42 36 37 39 44
80 50 99 69 76 90 61 47 75 74
81 63 72 51 79 58 48 87 60 83
98 49 58 59 66 91 51 91 84 62
35 40 33 37 34 31 36 30 35 40
18 26 17 26 49 57 65 95 77 60
58 49 93 52 79 68 82 75 88 53
37 30 35 40 33 41 32 11 14 10
68 74 89 60 83 94 46 87 60 55
30 40 44 43 37 36 31 34 37 36
28 27 15 20 15 27 24 28 27 28
48 50 57 49 78 76 90 61 51 75
8 0 7 9 4 10 5 0 12 9
66 93 52 88 75 47 53 97 56 60
25 20 15 22 19 28 27 28 29 26
61 90 11 4 1 6 12 13 4 9
51 72 65 57 79 68 74 82 68 79
72 51 46 57 50 99 60 89 58 59
60 55 64 55 60 52 81 92 54 83
12 6 1 82 92 81 52 93 71 57
2 11 3 7 6 0 5 11 2 11
67 54 58 79 57 49 58 66 93 52
54 83 76 90 85 98 49 93 52 60
22 21 16 19 22 21 27 24 29 26
20 15 27 15 25 19 26 29 28 19
36 31 34 40 35 30 40 44 41 35
44 41 33 37 34 40 44 41 32 11
65 72 67 99 50 48 86 95 65 72
42 43 81 52 88 75 74 89 77 80
1 4 11 14 13 4 7 9 7 13
46 87 60 78 60 87 46 95 65 72
27 28 24 27 15 21 16 19 26 49
84 91 66 98 85 48 87 60 69 99
4 7 6 1 82 75 88 52 60 55
77 57 98 66 93 49 26 20 25 29
16 19 28 29 26 18 25 18 26 20
95 77 89 74 75 82 68 80 77 57
15 23 15 21 22 24 19 28 24 29
50 99 50 80 68 82 74 89 57 79
9 10 3 7 6 1 4 10 5 11
33 37 43 42 36 42 39 34 31 36
38 30 40 35 30 36 30 35 41 34
96 82 1 6 7 9 10 3 11 32
83 85 98 49 26 18 26 20 26 18
87 46 91 66 93 71 56 97 78 98
23 15 21 16 19 24 28 27 21 22
69 76 83 94 69 99 84 91 46 87
47 95 62 81 52 79 68 80 47 95
91 46 94 83 85 98 57 65 95 77
79 51 81 97 78 60 89 57 46 91
11 4 1 82 75 47 95 65 55 81
63 81 51 46 51 72 67 99 60 77
99 69 76 90 11 90 61 51 75 88
76 78 49 26 17 26 20 15 23 15
31 36 37 33 40 39 43 81 51 72
86 95 65 57 98 66 93 52 60 87
14 11 2 11 90 76 78 49 93 71
94 95 86 87 60 69 94 46 57 71
29 24 22 18 26 17 26 20 25 19
