0 8 0 7 0 6 12 9
0 10 0 7 13 7 6 4 13
0 0 5 10 9 14 11 14 9
1 6 1 80 98 49
1 6 6 0 10 9 13 12
1 82 54 67 98 78 76 76 84 76
2 11 90 11 4 9 12 0 6 7 12 6 1
2 10 5 11 5 10 5
2 11 3 7 4 14
3 7 9 4 1 6 7 6 7 9
3 10 14 10 0 10 14 11 5 5
3 11 14 11 4 1 4 7 6
4 7 9 13 12 13 7 9 7 3 14 11
4 11 3 14 10 5 11 2 32 11 5
4 1 82 75 75 51 79 58 93 52
5 11 4 7 3 11 2 11 4 9 4 9
5 10 3 10 14 10 0
5 10 4 11 2 11 14 11 32 41
6 1 4 10 4 1 82 92 81 92
6 1 4 11 2 11 90 85 86 65 55
6 12 0 5 2 11 90 11 90 11 32 41
7 6 12 9 10 4 13 4 9 13 14
9 5 0 5 0 5 11 5 0 8
7 6 1 6 12 0 8
8 13 7 0 7 0
8 5 0 8 0 10 9 12 6 1 6
8 0 10 4 1 6 0 7 6 7 6 1
9 13 4 1 6 1 4 11 5 11 7 9 7
9 7 0 6 7 0 5 11 2 11 4 1 82 68
9 4 1 82 92 81 63
10 0 5 10 10
10 0 5 0 10 9 4 7 0 5 0 5 0
10 5 11 5 0 10 9 4 1
11 32 41 35 40 44 39 43 42 30 40 30
11 5 0 8 0 10 5 0 10 5 11
11 90 76 83 54 58 79 52 71 56
12 0 10 1 74 51 79 52 81
12 9 14 13 4 7 0 12
12 0 12 13 4 10 4 11 32 41
13 9 10 9 12 0 12 9
13 4 7 0 10 14 13 9 13 12 6 12 9 10
13 9 5 11 4 5 0
14 13 9 10 0 7 9 12 0 6 0 8 12 13 9
14 13 4 11 5 11 4 11 90 61 51 46 95
14 13 9 12 9 0 7 9 14 9 13 9 10
15 23 15 21 15 23 15 23 15 20 15
15 21 28 29 24 22 18 25
15 23 15 21 22 18 25 29
16 21 22 19 25 19 24 22 24 25 20 25 15 27
16 19 16 21 27 24 27 22
16 19 22 15 20 15 21 22 24 27 21 22 28 27
17 26 25 19 26 49 59
17 26 19 22 18 25 20 15 21 16 19 26
17 26 19 28 27 24 28 24 28
18 26 20 15 20 25 29 25 19 22 28 27 28 24 29 24 29
18 26 18 22 24 27 21 16 15
18 22 19 28 27 24 27
19 28 19 28 24 22 24 19 28 19 25 29
19 26 17 26 20 15 25
19 16 19 26 29 28 22 24 25 25 24 25 15 22 24 22 18 22 19
20 15 20 15 27 24 27 15 25
20 26 20 15 15 21
20 26 20 15 21 16 19 28
21 22 16 19 26 20 26 17 26
21 15 22 28 24 29 25 29 28 24 27 24 25 15
21 16 21 22 21 15 23 15 27 21 15
22 19 28 22 24 27 24 19 22 21
22 21 15 27 29 25 15
22 15 25 24 22 19 28
23 15 23 15 20
23 15 20 26 49 98 71 58 89 77 57 49 58 59 66 93
23 15 21 27 28 27 21 22 24 28 29
24 22 28 27 21 22 28
24 29 24 27 16 19 25 18 26
24 25 20 25 24 29 28 27
25 24 28 24 26 17 26 18 22 15
25 15 25 19 24 29 28 29 26 17
25 15 23 15 23 15 21 27 24 25 19 16 21
26 26 19 22 21 27
26 29 24 22 15 27 15 23 15
26 17 26 20 15 22 24
27 15 20 15 22 19 22 16 19 26
27 15 23 15 21 16 19 24 29 28 22 15 23 15 27
27 15 23 15 23 15 20 15 27 24 25 19 22 24 27
28 22 18 25 20 19 25 19 24 19 28 19 16
19 25 20 25 24 29 24 25
28 22 15 27 15 20 15 24 27 24 22 24 19 26
29 26 49 78 49 47 77 57 89 77 89
29 26 18 25 29 25 29 28 22 19 24 19 28 22 24 19
29 24 19 28 19 28 24 27 21 22 15 15 20 15 21 15
30 35 41 41 44 41 35 30 40 34 39 44 39 37 39 37 43
30 42 39 42 43 39 43 44
36 31 34 41 34 36
31 36 36 30 42 30 38
31 34 40 30 42 30 38 30 36 31
31 34 31 36 37 30 35 40 33 37
32 41 44 41 44 41 34 37 43 34 37 39 37
32 11 2 11 2 11 4 10 4 13 7 13 7 13
32 11 2 11 32 11 90 61 90 61 51 75
33 40 30 38 36 37 33 37 36 31 34 39 42
33 40 34 39 37 34 37 39 40 44 39 44 43 34
33 40 30 35 40 44 41 44 42 30
34 37 33 40 35 30 36 30 35 32
30 35 41
31 39 44 40 33 37 30 35 41 44 40 39 34
35 40 33 40 44 43 37 30 35 30
35 41 35 41 44 39 40 33
35 30 37 34 41 35 40 35 35 30
36 37 39 44 33
36 35 40 35 30 42 36 42 36 31 34 37
36 42 39 40 34 37 33 37 30 42
37 36 37 34 40 34 31 36 30 40 34 41 44 43
37 33 41 34 37 30 35 41 32 11
37 34 30 42 30 40 30 38 30
38 30 36 37 38 30 35 41 44
38 30 35 40 34 31 34 44 43
38 30 35 30 36 30 36 42 36 31 36 30 38 40
39 40 44 41 32 41 32 11 90 61 85 86 85
39 37 39 41 34 41 44 41 34 40 30 38
39 43 81 97 78 49 53 95
40 44 40 30 38 30 35 30 38 30 42
40 43 81 92 54 54 92
40 39 42 36 31 34 43 37 43
41 32 32 10
44 42 43 37 39 34 37 36
41 34 40 34 41 33 41 39 37 39 42
42 30 40 35 40 34 41 33
42 36 40 34 31 34 37 36
42 36 37 42 36 30 40 35 30 35 30 40 33 37 34
43 37 39 42 39 44 40 34 40 35 41 34
43 42 43 39 42 43 34 31 34 40 30 37 36
39 43 44 41 32 41 32 41 34 39 34 41 44 41
44 39 37 43 39 34 39
44 43 44 41 44 41 34 39 44 39 40 33 40 34 31 36 30
44 40 33 37 43 34 37
45 62 50 57 50 57 87 48 85 98 57 46
45 62 95 65 55 64 55 81 97 53 47 80 77 89 60 52
45 62 95 62 84 76 84 62 73 62 81
46 51 75 88 75 88 53 64 55 81 92 82
46 86 95 47 75 47 80 77
46 91 63 96 63 83 54 74 54 67 98 73
47 79 68
47 75 82 1 82 81 71 56 97 78
47 95 65 72 51 55 60 55 97 56 71
48 87 46 86 57
48 57 65 57 77 60
48 86 95 77 80 71 93 49 57 77 80
98 71 68 79 79 52 93 71 81 97
49 58 77
26 49 47 80 68 82 92 81 71 58
50 50 62 50 47 80 88 75 74 89 77 95
99 50 80 60 84 76 78
50 62 62 99 77
51 46 95 86 87 60 87
51 72 51 68 82 96 82 1 4 1 82 92 82
75 80 68 74 89 74 68 80 71 80 71
52 60 83 94 46 57 65 57 54 92
88 78 97 78 76 90 11 4 1 82
52 88 53 88 78 76 78 97 53 97 56 71
53 97 78 49 26 29
53 88 75 74 75 88 53 64 67 99 69
53 53 47 80 71 58
54 67 67 64 62 81
54 83 60 54 67 99 60 77 80 50 57 50 48 87
54 71 49
81 52 93 49 93 52 79 57 71
55 64 64 53 88 78 97
55 60 87 60 52 93 66 57 50 80 60
56 97 56 97 78 79 68 79 57
56 71 57 79 58 54 67 99 84 76 84 50 57
56 60 52 79 68 80 71 98 70 67 98 73 62 45 62 73 69
57 79 59 58 54 92 81 51 81
57 71 58 48 58 57 89 57 50 99
57 89 74 54 74 89 77 47 77
58 66 91 46 51 79 93 66 93 71
66 98 78 49 98 71 80 77 95 94 95 77 47 95
58 89 77 80 80 68 74
59 58 79 51 61 51 61 51 75 51 46 51 46 57 77
59 66 91 46 51 75 88 52 88 80
59 66 98 98 76 69 99 69 99 67
60 56 71 81 62 50 80 71 81 51 72 65 55 60 55
60 77 57 79 57 79 51 81 92 81 92 82 75
60 52 93 66 70 98 70 98 65 86 48
61 47 80 71 56 97 81 62 64 62 73 98 66
61 47 80 47 61 95 47
61 90 61 90 85 48 50
62 62 95 62 64 55 65 57 89 77 47
62 45 62 95 77 89 47 61
62 84 64 67 64 67 72 51
63 81 63 72 51 75 51 79 52
63 81 55 60 55 81
63 96 63 72 63 43 44 40
64 53 47 61 90 85
64 53 88 75 51 72 51 81
64 55 60 87 46 95 62 84 62 81 55 65 72 67 99 50
65 79 52 79 52 81 51 57 71
65 57 98 66 93 52 60 87 86 65 72 63 96
65 95 46 91 84 76 90
66 93 66 78 60 87 83 63 96
66 91 66 93 71 80 77 83 60 95
66 59 66 59 58 71 80 68 82 92 54 58 89 58 79
67 63 76 69 60 56 97 56
67 98 54 83 76
67 64 62 84 99 50 69
68 80 47 77 80 50 80 58 71 93
68 82 1 96
68 82 68 74
69 99 50 48 50 62 45 62 52 93
69 76 83 94 87 86 95 86 95
69 60 52 88 52 60 56 60 83 85 90 61 47 95 77
70 98 49 98 57 65 95 46
70 98 67 99 60 89 77 57 80 68 79 58
70 98 85 83 94 83 54 74 89 60 83 76 69
71 81 97 53 64 67 72 67 64 67 99 67 64 67
93 71 58 79 79 57 49
71 89 57 86 87 87 60
72 63 81
72 46 91 63 96 82 74 89
51 91 63 83 60 99 84 76 78 98 70
73 62 45 62 84 91 63 72 67 64 67 98
73 98 57 77 65 95 57 50 62
73 69 73 62 81 55 64 55 64 55 64 62 73 98 73 62 81
74 68 74 75 54
74 75 51 46 95 62 81 52 93
74 54 83 63 91 84 62 50 62 84
75 54 83 94 78 60 99
75 82 68 80 71 58 48 50 99 84 99 67 54 83
75 88 53 77 89 57 79 52 78 97 81 92 54
76 90 61 47 77 95 47 75 47 49 47 95
76 78 49 85 86 87 48 95 65
76 69 99 84 62 95 94 95 62 84 91 46 57 49 57
77 77 95 86 85 98 71 93 66 59 66 59 66
77 60 52 93 71 49 93 91
77 87 86 48 50 62
78 76 90 85 86 65 72 67 54 83 76 84
78 98 49 57 50 80 68 74 68 74 75 95
78 97 56 71 57 50 57
79 52 81 51 75 82 96 63 83 63 72 51 79 58 71 57
79 82 74 89 57 65
79 58 48 58 54 67 98 66
80 71 81 43 44 41 32 41 34 37 34 37 33 40
80 68 80 71 58 49 58 66 59 66 93
80 88 80 48 85 90 61 51 75 82
81 55 81 63 72 67 84 91 63 81 55 64 55
81 92 82 74 68 80 71 58
55 65 72 65 95
82 92 82 75 1 82 4 7
82 96 82 1 82 1 82 92 43
82 1 4 1 82 75 96 82 96 82 96 82 68 80 77 88 53 88
83 54 92 54 75
83 84 91 51 72 65 55 55
83 94 62 94 46 51 84 91 63 72 95 62
84 99 84 62 51 61 47
84 62 45 62 84 62 81 55 65
84 62 81 55 89 57 79 52 88
85 83 90 51 91 66 98 49 78 88 78
85 76 83 54 83
48 87 60 99 69 94 69 94
86 87 46 91 84 99 84 99 69 73 62 45
95 86 95 46 91 46
86 85 98 73 62 45 62 81 51 81 43
87 46 95 84 62 64 67 99 60 56 97 56 60 56
87 95 46 46 95 65 57 57 79
87 46 94 69 94 95 46 91 66 98 85
88 50 48 50 50 62 45 62 81 63 81 52 81 97
88 93 49 26 20 19 24 29
88 80 47 64 67 98 98 85 83
89 60 55 60 83 55
89 58 79 57 98 49 93 49
89 60 52 81 71 98 71 58 66 98 57
90 56 53 97
90 76 69 84 91 46 94 95 47 77 80
90 85 70 98 73 62 50 77 89 77 95
91 66 91 63 72 67 98 49 93 52 88 78 76 78 98 71 59
91 46 51 72 67 72 67 82 92 82 68 82 96 82 68 74 89
91 63 83 54 83 94 69 60 87 60 77 47 61 51 91
92 82 92 54 92 63 91 46 87
92 54 83 54 92 55 64 55
92 82 92 82 92 82 68 80 47 80 88 52 79 57 65
93 81 55 60 56 60 77 47 61 90
93 52 60 52 60 56 71 56 97 53
93 71 56 60 56 97 56
94 69 76 83 85 86 85 98
94 83 94 95 77 47 80 47 75
94 83 85 85 98 73 98 73 98 85 86
72 63 96 82 96 63
57 71 56 97 63 91 63 83
95 46 94 46 94 95 62 81 97 53 97 56 97 81 62 45
96 82 92 81 52 93 49 98 79
96 63 83 63 96 63 72 51 72 51 61 51 72 63
96 82 92 54 58 71 98 71 98 67 60 77 80 50 57
97 47 61 90 61
97 53 97 56 97 53 47 65 65 72 63 91 63 91
97 81 63 96 63 81 92 82 96 63 72
78 76 90 85 86 95 94 94 95 46 95
98 57 50 48 85 90 61 51 59 66 58 48 85
98 78 88 80 71 93 49 66 59 58 89 74 68
99 67 62 50 80 71 58 78 98 70 98
99 69 94 69 76 83 54 58 79 68 82 1 4 7 4
99 84 62 84 76 78 88
