0 8 13 14 13 9 10 14 13 0
5 8 5 10 9 3 10 5
14 9 12 6 11 32 11 4
1 96 62 55 45 84 49 89
1 82 96 1 56 60 71 93 79 57 71
1 6 12 13 3 10 5 6 10 5 0 5 11
2 90 90 61 57 65 50 87 86 48 83 54 83 83
32 34 35 38 30 35 41 32 2 11
2 0 7 3 11 0 8 0 12 13 4
3 10 4 11 40 33 40 37 40
11 12 6 3 7 3 7
3 14 10 7 13 13
13 3 5 11 3 13 4 5
4 13 4 82 54 92 82 1 82 63 96 63 82 75
0 12 11 1 82 75 88 80 68 80 77 89
5 10 5 10 4 9 7 0 7 13
4 13 12 9 90 85 87 80 71 55 60 89 57 89 58
5 11 9 14 9 7 14 7 7 8
12 0 5 0 8 8 0 7 9 6 7 6 7 5
10 3 3 13 9 14 77 45
6 12 13 9 6 0 7 13 14 10 5
6 7 6 12 1 9 0 6 12 0 10 4
1 11 4 9 90 78 83 73 69 73
5 0 12 0 8 0 1 82 68 74 74 75 74 54 67 65 85
10 82 92 81 35 33 37 42
0 5 11 32 41 34 36 44 43 37 34 34 36
8 10 7 4 10 10 9 13 3 5 7
9 12 0 8 5 5 11 4 13 4 7
9 4 7 13 14 5 13 12 12
13 14 12 9 12 0 13 14 13 12 9
10 4 2 40 35 44 40 40 43 81 56
10 0 12 12 10 1 0
10 1 10 5 14 10 12
3 1 82 68 63 96 63 59 66
2 11 2 4 7 3 4 6 7 3 10 3 7 4 13
14 9 3 32 41 39 41 44
12 5 10 3 4 4 0
13 4 9 4 11 40 30 38
12 8 0 5 11 14 10 0 8
13 7 4 7 9 90 70 98 73 66 87 87
10 96 6 0 3
6 12 4 10 14 2 11 4 74 89 77
14 75 50 68
13 7 3 10 9 90 85 57
10 5 12 13
18 19 26 16 21 27 15 20 15 15 20 21
15 25 20 20 21 21 22 28 27 19
18 22 24 20 25 15 20 20 15 16 28
16 22 24 22 27 28 27 28 27 21 15 29 24 27
16 21 16 16 16 19 16 26 25 26
25 29 26 80 49 57
17 24 19 22 29 28 19 27 24 29 25 29 26 17 26 17 71 56 60 52 60 89 77 83 60
17 25 26 49 78 90
26 27 15 29 25 15 22 23 15 23 20
18 20 25 15 25 28 24 22 15 15 15 22 18 26
20 20 21 17 27 24 28
16 23 15 29 28 16
24 22 16 21 16 19 24 28 28 19 27
19 28 27 24 29 27 28 29 26 20 16
18 21 22 18 26 26 25 18 18 27 24 22
15 27 27 28 29 28 26 26 29 19 22
15 29 28 19 26 20 25 21 27
20 29 26 18 22 19 22 19 28 22 19 22 15 23 15 27 28 23 20
27 24 21 16 21 27 15 19 22
16 23 15 25 15 22 15 27 15 21
16 21 25 21 49 67 58 52
16 19 28 29 28 21 27 15 16 24 15
22 18 17 21 16 19 25 20 56 71 58 54 74
22 15 21 16 22 18 25 26 26 24 27
23 15 19 22 15 29 28 19 28 22 20 22
21 58 61 74
23 15 23 21 16 27 20
24 29 15 23 23 15 21 22 22 29 28 15
24 22 21 21 25 29
24 22 20
15 27 27 27 28 17 71 98
25 19 25 27 21 21 15 23
21 22 19 16
19 15 25 15 25 15
27 25 16 21 27 24 28 19 19 22
26 17 26 19 22 26 98 95 65 55
27 24 25 29 56 68 79 58 48 46 51 72 54 92
27 21 16 21 15 29 27 28 29 26 17 26
26 20 26 27 15 22 21
29 22 16 22 24 25 18 26
28 15 23 20 25 16
28 19 21 16 29 28 29 19 19 58 71 80 61 93
29 28 21 27 21 22 25 19 27 24 22
29 26 17 19 16 21 15 23 20 17 26
29 22 25 18 22 19 18 26 21 15 22 21 15 27 27
38 36 42 34 32 5 3 7 0
30 42 30 36 36 31 34 31 34 40 34 33 40 41
30 36 33 43 42
31 34 43 40 40 33 33
31 35 32
31 36 30 37 4 12 6
32 11 90 83 66 79 54 82 75 82 74 74 58 26 29 26
32 40 35 30 36 30 35 11 90 78
32 32 41 35 42 36 31 44 33 41
33 33 35 40 35 32 11 83 85 85
31 36 44 40 35
33 41 35 42 39
33 40 44 39 43 47 80 47 65 75 61 65 63 56 93
34 41 32 41 32 41 42 43 39 36 30
34 40 34 40 39 34 41 44 92 54 59 95 65 72
35 40 37 39 35 40 35 42 36 31 36 34
39 40 39 42
35 12 0 10 14 10
36 37 44 34 36 38
36 39 42 43 39 43 37 41 33 37 30 35
36 37 34 40 35 34 40 36 30 39 40 38 30 38
37 34 40 44 43 38 30 32 40 35 40 33 37
37 42 36 44 43 41 33 40 34
36 37 31 34 40 35 30 36 91 66
35 41 33 41 35 30
38 30 36 31
38 30 42 30 33 37 36 31 34 40 41 44 44 43 43 92 54 58 49 57 63 81
39 33 42 43 36 30
43 44 42 39 43 39 44 37
39 45 45 62 50 67
36 37 30 42 34 43 34 43 37 43 89
37 42 51 90 90 78 76 49 26 21
30 40 33 39 44 43 81 72
32 32 34 39 41 34 39
35 41 33 35 40 33 40 33 41
41 37 40 38 30 36 37 31 31 31 36
36 37 31 33 33 33 37 30 36 37 39 41
32 53 47 75 88
32 41 35 32 33 44 39 40 33 37 42 39 42 30 40
39 34 89 58 54 67 99 84 73 98 71 81 92
43 42 43 42 42 40 34 43 39 34 42 39 42 44
38 44 41 30 31
41 33 36 31 36 40 31 34 33
36 42 36 39 33 41 33 41 34
44 39 40 31 34 39 38 30 40 35 38 30 36 36
45 47 80 77 89 58 54 64 67 86 48 86 45 45
45 62 84 91 51 48 87 86 59 71 57 60 95
45 50 62 64 55 93 49 53 95 77
46 57 71 58 83 92 74 82 60 56 83 92 51
87 95 65 55 81 55 80 84 76 83 60
73 99 84 91 53 64 62 73 98 66 59 93
77 89 77 95 47 75 68 80 71 93 49 57 93 52 79
91 91 69 98 73 69 87
45 62 45 84 76 69 60 97 76 69 73 73 69 94
85 57 71 57 70 78 88 87 48 50 48 86 83 54 74 74 79 89 77 89 74
95 47 61 51 68 0 14 3
48 46 95 47 88 89 51 74 88
49 78 53 61 91 51 51 66 84 67 55
93 52 79 68 77 49 58 66 66 59 59 98 71 57 67 54
49 57 84 76 90 46 60 46 46 95 61
50 48 85 65 86 83 94 84 92 50 77 60 77 60
50 96 98 70 49 17 87 60 60 83
46 87 86 87 48
96 63 96 96 63 96 82 46 61
58 56 87 60 89 47 77 80 68
64 68 49 47 61
56 81 53 82 68 92
52 88 53 97 81 57 65 65 71 49 50
55 74 80 52 68 92
53 78 60 83 99
53 53 97 97 97 56 76 90 9 11 3 0
53 88 80 59 66 91 81 86 86
67 95 47 68 80 97 84 76 69 73 70
67 71 98 98 67 99 50 62 55 64 56 71
91 72 63 72 63 75 71 50 51 53 95
65 84 68 47 61 47 53 52 60 46
84 53 64 93
55 81 39 40 30 41 44 39 37
56 60 69 85 73 49 78 73 81 63 56 56
97 81 92 54 58 68 82 96 74 54 69
56 97 72 65 65 73 83 76 71 60 72 63 96
51 90 76 81 30 36
50 58 66 93 52 55 64 55 64 54 67 64 67 91 85
77 78 78 76 69 48 46 91 66 58
58 80 48 87 69 90 11 5 10 10 6 0 8 0 12
47 75 47 51 68 57 46
19 29 28 20 15 26 29
59 98 71 98 71 67 64 72 46 86 48 86 86
59 66 98 70 90 85 87 71 56 52 79 52
59 60 78 56 92 63 56 60
60 99 84 84 62 95 55 86 95
60 78 63 51 86 85 86 99 67 53 64
49 26 49 58 66 49 70 98 81
95 72 65 57 96 82 1 12 5 11 32
96 96 51 67 54 58 79 51 86 62 99
88 80 89 77 89 57 60 69
62 50 47 94 35 41 33 41 37 39 44 32 11 4
62 84 76 84 69 73 73 76 69 94
64 97 60 98 85 90 11
63 46 91 63 96 81 48 54 89
63 61 47 63 63 91 62
51 79 57 79 98 63 80 53 61
55 63 72 74 68 83
63 83 85 57 98 83 73 60 94 94 73 99
64 60 77 57 46 87 55 65
63 62 67 93 57
87 67 54 75 47 80 68
65 95 63 72 65 60 78 65 72 70 77
66 73 62 71 51 76 90 61 90 76 61 36 30 42 39 37 35
66 93 66 45 58 27 21 20
66 93 91 84 91 84 91
20 15 23 15 19 28 29
54 58 74 73 89 77 76
93 78 89 57
68 96 96 63 81 63 56 53 88 47
68 68 82 71 71 50 53
75 80 47 64 60 50
76 46 95 94 80 66 91 66 91 49 60 99 99 60 79 68
69 83 60 46 57 50 48 46 94 46 57 79 57 95 81
69 76 85 48 48 84 94 76 84 57
81 50 46 91 81 97 56 97 81 62
70 95 87 60 56 76 60 83 76 90 85 74 74 54 98 71 57
70 73 98 49 98 69 76 86 48 86 56 60 56 53 97 53 88 89
76 84 46 58 54 67 53 55 97 78
97 94 85 85 86 95 94 87 48 80
66 91 84 99 71 93 46 45 62 95 86
72 77 77 11 9 12 9 4 14
48 87 60 58 54 67
91 51 81 81 89 67 85
73 69 99 80 85 89 45 62 62 64
73 69 78 65 57 46 91 46 51 79 79 98 78
62 77 50 57 65 53 64 64 85 69
4 2 10 7 3 10
96 63 55 79 43 92
54 72 95 49 79 93
75 47 66 73 62 95 61 47
75 82 88 75 79 68 80 95 65 65
47 47 90 85 90 85 93 45
90 76 91 87 55 73 73 69 70
62 84 63 90 11 13 6 7 7
76 76 83 83 85 86 82 53
94 46 91 63 71 58 59 98
77 94 69 73 81 31 40 31 36 37
74 93 47 53 61 90 90 90 26 98
78 76 62 73 99 88 78 90 85 86 95 99 83 83 76 84 64
78 47 26 29 21 27 28 19 16 23
73 98 71 80 75 47 88 53 88
58 47 53 49 26 16
79 52 63 80 47 60 81
79 79 68 74 88 78 78 97 52 94 46 92
77 71 71 1 82
89 89 77 80 77 60 95 94 85 85 83
63 74 89 98 74 68 68 78
80 48 48 91
92 62 98 78 75 74 75 1 6 6 12
45 84 94 95 65 84 76 78 76 83 85
82 1 8 8 0 7 12 0 7 8 6 1 4 9 14 9 8 0
86 87 87 46 51 91 66 58
75 68 82 47 95 94 46 91 58 59 17 26
57 77 79 54 74 68 79 58 78 97 77 95 46 54
55 77 72 53 75 74 82
76 73 68 68
46 75 74 75 47 67 99
60 71 57 89 93 55 65 86
84 89 77 58 49 54 83 52 93
85 76 83 48 87 90 61 90 61 47 53 78
85 83 94 94 78 60 73 98 52 97 64 50
85 98 70 98 57 74 68 58 50
86 87 78 56 97 64 62 84 45 62 45 95 95 46 98
86 46 58 51 46 94 67 54 74 89
86 86 87 86 88 82 92 81 89 89 54 74 1
83 74 80 68 82 51 91
51 75 74 75 88 80 80 68 84 99 69 60 52 78 56 65
87 77 67 62 98 73 69 51
88 78 97 71 56 81 97 89 77 60 62 64 62 45 62 61 51 74
79 62 84 67 54 67
61 79 93 49 89 74 82 82 82
89 79 74 80 89 92 93 79 52 80 53
92 82 68 68 80 53 61 51 56 71
48 97 53 49 26 17 26 16 21 27 21 16
90 4 9 0 1 82 49 88 78 76
83 55 83 63 64 67 50
98 78 78 55 97 53 55 81 49 53 47 95 94 83 85
84 60 60 87 73 85 49 48 5
66 96 80 58 87 86 95
91 77 89 76 54 5 9 10 5
68 81 62 99
92 82 1 66 58 58 49 93 78 47 51 79
92 81 84 72 91 66 95 94 73 69 97 92
93 49 93 64 55 69 94 62 95 86 95 65
46 57 97 82 92 54 92
58 89 66 59 66 85 78 90 56 71
97 52 77 98 80 53
94 94 94 69 84 60 69 51 81 72 67
48 58 92 83 92 63 91 45 55 65 86
95 46 51 47 61 61 47 63 96 79
47 71 58 98 85 58 54 48 45 62 55 99 47 75 88
97 53 47 75 82 51 56 62 64
54 92 82 93 93 93 60 56 60
96 63 69 94 83 91 84 88 74 82 75 58 89 49
96 26 29 25 20 15 18 17 26 22 15 25 18
87 48 58 89 60 87
97 53 71 98 70 58 89 77 71 71 93
50 95 86 87 94 46 95 94 57 79
58 57 71 54 68 80
73 98 89 80 88 88 53 75 48 87 58 87 86
57 78 87 89 90 76 78
99 60 95 55 64 53 47 49 78 47
99 60 56 52 88 25 19 17 21 16
99 53 97 78 97 78 49 98 66 89 46 94 85
