0 12 2 11 13 32 11 4
6 6 96 80 91 99 86
10 6 0 11 11 12 0 2
1 4 1 8 4 12 0 14 9
9 9 0 6 12 4 1 2 11 0 7 4 32 32
7 3 11 11 13 0 90 47 75 52 69 99
13 9 3 10 12 40 44
2 5 11 0 7 11 4 7 6 14 10 2
2 12 3 4 11 11 11 4 11 3 10 13
3 0 14 5 11 90 90 61 90 85 86 87 46 53 97 84
5 75 88 83 60 79
7 9 10 5 4 4 6 0 8 3 2 11 5 8
4 10 14 5 14 83 94 83 60 77 52
10 1 3 10 12 0 12 4 7 5 11
9 12 13 14 5 4 9 4 12
5 5 12 0 32 52 53 58
12 0 55 60 77 89 75 96 77
7 6 7 6 1 3 11 11 41 44 39 40 36
1 68 79 93 71 28 27 16 21 21 21
11 2 2 3 61
9 11 61 2 11 3 32 41
7 3 12 0 4 0
7 0 5 2 46 80 50 69 60
1 6 7 6 14
8 12 9 10 10 5 11 67 77 95 86
8 0 5 13 10 4
8 0 4 49 58 71 58 66 77 53 88 78
12 9 4 9 12 0 0 3 10 13
9 3 12 6 0 10 7 0 7 7 6
14 5 9 7 10 6 3 4 0
10 0 14 61 51 79 49 51
3 11 51 79 63 87 60 55 65 95 26 25
13 80 81 47 88 75 61 51 67 98 58 59
11 41 34 40 42 44 39 39 37 40 39 42
2 11 32 41 42 34
6 7 7 9 9 2 6 1 6
13 8 5 10 14 14 9 12 6
12 4 32 33 31 34 44 4 11 4 6 12
14 5 0 9 14
7 14 6 6 14 13 7 9 11
7 6 12 0 0 13
11 4 3 10 4 5 11 4 13
6 3 52 88
61 61 47 49 58 71 61 90 47 77
14 8 7 83 54 54 67 68 92 71
24 28 19 16 21 16 23
18 25 24 27 21 17 25 71 98
24 29 26 17 19 25
16 19 22 20 19 21 27 15 27 28 29
16 15 18 28 19 25 20 18 19 24 19 26
16 23 15 16 17 17 98 71
19 28 16 23 24 29 26 18
17 21 26 49 46 66 76 68 82
76 81 97 71 6 9
22 26 17 18 25 20 15 21 28 27 16 27 28 18
16 29 49 91 77 60 60 86
18 26 49 19 28 26 16 15 22 28
28 16 21 27 24 19 25 19 28 27 19 17 25 20
24 29 52 93 91 51 46 51 79 51
19 25 26 16 19 26 20 24 20 22 49 85
15 27 21 27 28 19 20 48
28 29 28 22 17 21
20 21 15 26 29 21 19 28 27
21 16 19 19 22 26
28 22 20 26 28 22 15 27 15 15 25 19 24
29 25 18 49 78 76 94 94 69 90 61 47 51 91 48 80 77 88
22 24 27 25 20 15 15 26 15 20
25 21 16 21 20 19 24 25
27 26 24 15
23 20 26 17 26 80 58 68 82 8 6 10 1 82
21 22 27 24 28 24 25 18 29 79 58 47 59 59
23 21 22 16 19 25 18
17 25 29
18 24 27 18 22 15 21 16 21 15 22 19 28 19 16
24 16 27 29 25 20 19 25 24 28 29 29 28 19 16
25 16 25 16 26 17 22 26 29 25 24 22 28 22 21
24 26 18 25 22 47 61 81 55
24 29 17 29 26 18 25 15
17 26 29 25 20 17 29 26 90
28 22 21 24 29 19 17 15 15 21 16 15 25 15 18
18 17 26 26 18 22 24 21 27 29 19
23 15 25 20 26 19 26 15 20 17
26 18 26 19 26 29 24 27 25 26 22 28 19
21 18 26 27 15 15 25 24
29 25 21 22 19 26 26 17 26 17 29
28 22 29 20 28 27 25
28 22 24 29 50 67 52
27 15 23 25 24 16 27 25
29 19 22 17 17 26 15 19 17 49 78
23 20 20
30 31 36 41 34 31 36 35 35 39 34 32
35 40 44 39 30 37 41 32 41 32 41 37 61
44 35
31 42 39 41 34 37 41 36 42 35 41
31 30 41 34 40 34 56 52 79 74 89
33 32 33 41 32 31 31 36
32 14 13 3 12 90 90 76 73
32 44 37 92 82 96 96 63 72 89 47
11 11 3 7 5 10 5 11 3 3 7 1 82 68 80 68 52 81 81
33 39 34 37 36 42 37 33 43 41 35 10
42 30 38 40 43 44 71 66 91 66 56
42 43 41 38 30 41
72 78 83 84 63 88
31 31 36 36 31 34 39 36 30 34 37 40 42 39 81
34 40 44 44 39 34 14 10
35 44 43 37 39 37 39 41 91 51 67 94 69
30 42 42 37
38 36 31 39 37
36 31 34 37 44 43 34 30 31 43 33 34
30 39 37 39
33 37 43 39 31 34 31
31 34 30 38 43
40 35 35 32 41 44 34 76 47 61 51 68 54 92
31 36 97 87 61 58 53 97 56 79 87
38 39 41 33 43 35 2 11 2 11 0 12 13 13
38 32 2 11 58 59 87 87
30 36 33 30 38 38 30 37 40
43 31 34 39 61 88 75 98 49 78
35 37 42 55 64 95 55 75 49 57 65
39 34 31 34 45 76 84 76
40 35 39 42 30 81 73 81 98 57
40 38 38 30 38 35 42 33 33 41 32 41 35
41 32 32 4 13 6 3 11 61 47 61
32 41 31 31 37 30 33 37 33 40
41 35 41 44 43 34 42 41 33 34 41 43 34
44 93 52 60 56 94 83 74 54
42 43 42 43 44 2 11 9 0 90 88
43 39 44 13 4 10 4 6 1 0 8 0 12
43 41 41 32 10 4 75 50 85
43 44 35 63
43 44 34 36 34 30 42 39 44 44
71 94 86 64 69 90 90 11 13
44 5 9 9 11 5 32 5 10 1 7 4 11 90 85
10 9 14 2 11 14 9 41 35 30 40 36
37 37 38 30 35 34 37 41
45 53 97 78 76 69 94 99 60 81 91 10
45 50 64 56 53 95 95 73 90 90
62 69 94 73 45 50 80 57 97 56 95 61
62 81 50 53 47 80 48 58 66 58 65 86
32 41 35 30 35 30 37 30 39 39 36
46 54 55 56 83 63 91 46
47 80 95 59 78 90 99 84 62 95 83 63 85
72 67 81 47 53 77 47 75 99 55 57 48 79 57 71
95 94 46 94 49 66 59 49 26 19
87 79 56 97 53 81 75 30 38
89 57 46 50 86 85 81 43
59 59 58 67 54 78 26 71 88 53
89 59 59 52 50 87 48 66 58
17 29 25 15 28 27 21 16 19
73 67 51 61 47 88 93 66
50 80 50 72 86 58 68 82 68
58 59 58 80 17 49 61
68 6 8 5 90
62 97 78 59 59
88 80 93 71 99 52 30 38 35 34 33
61 11 0 7 5 75 74 94 51 75 51
49 76 78 60 52 46 71 56 58 54 93 52
81 74 63 96 46 48 85 48 73 62 64
93 55 86 47 78 84 85
53 60 82 82 68 79 68 79 79 51 79
53 85 73 98 66 49 47 53 78 95 62 53 47 53
71 50 57 93 16 27 29 78
96 72 93
74 87 87 60 78 76 76 76 64 55 98 70
83 54 92 82 75 64 52 79 83 75
81 60 52 99 55 67 64 53 88
10 10 9 10 5 11 14 11 9 9
65 88 53 12 14 5 10 4
91 46 45 62 91 87 86 13 12 10 13 0
56 99 48 46 87 86 86 72 36
56 89 58 54 89 97 53 67 78 86 48 87 93
46 87 87 54 71 47 94
88 62 98 55
77 70 95 54 57 68 93 49 54
76 90 90 76 78 53 49 76 89 98 57
62 64 53 64 62 99 63 51 75 89 77 46 96 82
62 95 65 55 90 10 0 12 10 14
66 52 93 52 51 46 59 59 58 48 58 79 52 79 95
91 50 89 57 98 81 55 55 52 79 58 49 17
59 58 46 90 11 85 77 46 57 50
85 98 67 51 93 97 53 64 64 76
60 52 49 95 71
61 91 66 91 94 51 67 64 86 87
46 87 69 57 98 87 50 99 50 50
61 12 13 6 4 11 2 14 2 10 10 14 11 90 4 14 9
61 90 58 81 51 49 52 53 53 77 95
45 74 58 48 11 2 2 2 11 11 12 6
56 78 61 47 49 78 52 68 54 52 93 93
45 83 43 41 33 43 81 83 60 78
63 94 76 93 52 51 81 83 69 99 53 47 77 61 98 68 47
63 96 82 92 56 97 53 47 91 67 57 46 91 63 42 38 38 44
88 53 78 71 57 65 51 58 57 52 93
53 55 76 90 2 11 63
69 76 73 62 86 65 95 89 47 98 73 98 73
62 95 77 81 87 86 68 74 82 74 89 60
65 55 89 57 50 48 98 78 78 62 50 99 82 96 83 96 91
65 83 87 51 99 69
45 50 83 59 49 58 83 60 64
97 47 91 63 69 69 94 94 83 85 85
59 54 74 86 95 64 81 52 60 52 68 79 60 56 60 59
91 84 76 77 80 88 47 49 77 63 72 67 99 94
72 63 54 92 68 58 52 61 57 69
67 72 62 60 99 99
81 82 68 92 79 58 91 46 69 50
6 7 6 7 0 10 14 5 0 10
68 51 66 68 89 82
75 63 91 84 84 73 91 46 95 95 50 62 45 62 73 73
99 85 45 45 35
73 98 56 71 60 89 57 79 96 82 68 96 4
71 70 57 76 90 90 90 75 88 95 86 2
76 66 66 46
98 70 57 57 62 73 66 46 68 80
70 98 98 57 98 83 85 90 11 6 3 10 9 6 13 12
63 85 90 61 81 51
58 52 81 62 69 94 46 91 51 51 79 54 68 82
71 81 76 60 47 66 24
72 69 63 86 48 67 84 73 55 55 89 74
51 66 66 91 93 60
63 84 76 89 76 88 50 89 77
73 32 31 34 37 31 37 37 39
73 53 67 67 69 99 91 69 61 47 75 74
73 70 88 87 86 77 81 69 73
79 79 79 98 66 70 87 46 95 76 78
69 46 84 91 72 79 52
75 61 70 78 97 78 76 90 11 2 14 12 0 8 8 3 10 0 0
47 88 75 88 95 95 86 85 48 59 59 48 86 17 26
51 46 51 51 61 45 59 59 66 70 70 98 76
89 89 58 87 51 61 51 79 48 86 85 48 86 59 66 78 60 49
90 41 35 37 43 39 41 36
76 54 10 14 9 13 12 5 11 10 0
47 77 47 95 86 49 57 79
89 60 53 61 87 57
57 98 73 63 68 68 80 68 74
65 87 86 60 60 99 64 62 81 60 56 83 60 61
97 73 77 68 4 11 2 12 13 12
50 57 79 46 52 81 53 20 26 20 26 78 60 55 87
65 46 53 55 67
88 96 82 81 54 92 50 75 74
53 68 79 97 68 56
49 95 95 86 95 46 57 98 67 95 55 48
80 53 80 47 55 86 65 88 52 88 80 75 79
71 57 67 54 64 45 83 54 72 43
80 61 61 61 85 10 48 84 62
81 63 74 77 50 99 76 47 60 80
92 92 54 99 60 52 60 87 48 86 65 57 71 48 63 64 53 97 81
81 52 99 1 82 68 55
5 0 8 4 3 3 9 10
82 1 4 14 13 14 11 14 5 7 0 7 8 3
1 1 3 3 9 11 11 3 9
82 74 51 75 74 55
82 85 81 36 30 36 39 44 43 40 41 43
83 86 65 88 50 93 73 98 90 98 71 78 88 77
50 84 91 83 94 85 83 94 83 60 88 97 78 88 61
76 78 60 1 1 7 6
91 51 77 64 67 71
86 80 77 57 59 98 78 72 91 63 96 82 75 82 82 68
89 78 90 90 70 98 62 99 69 99 76 84 69 99 65
76 89 53 91 66 56 79 87 92
86 1 49 88
84 99 99 87 45
86 85 54 98 47 78 77
79 58 26 29 20 29 20 18 28 24 29
46 87 46 49 58 90 98 99 84
48 85 85 83 78 97 53 49 73 72 72 46
75 88 79 53 56 94 95 87 80 78 84 99 60 79 58 81 71
88 77 79 72 84 99 69 73 64
56 97 71 79 60 66 67 74 80
89 61 52 46 98 57 84 69 73 46 80 99 69
87 77 95 87 59 73 62 45 62 45 62 84
55 79 57 55 42 37
47 47 81 55 55 67
61 72 67 49 61 51 81 39 35 30
10 3 7 3 5 11 8 3 6 12 13 6
81 60 52 81 81 43
91 68 82 1 54 83 63 68 65 95 77 77
38 30 39 40 39 37 36 31 34
91 90 2 11 90 76 99 52 88
92 77 78 97 78 76 59 72 57
92 72 63 43 34 40 32 41 44 41 44 40 39 36 31 38 38 30
58 59 58 46 50 99
93 67 72 78 49 45 72 72 49 74
93 52 68 64 67 53 99 73 98 70 73 76
76 78 67 47 78 93 49 26 17 49 93 98 94
67 98 73 70 49 47 77 76 88 95 47
94 58 71 58 49 58 89 52 57
94 71 76 78 76 90 11 31 44 30 37 44
95 51 91 66 58 49 52 46 92 82 80 68 49
57 47 61 46 87 56 95 61 63 69
96 92 84 91 46 96 82 96 63 94 85 58 93
96 69 94 47 85 10 9 11 14 10 9 13
63 91 80 80 52 88 75 86 83 54
56 62 64 99 94 90 76 94 83
93 17 17 26 29 19 22
50 85 48 87 60 95 77 95 95 73 62 45 62
51 63 63 81 87 56 56 60 94 94 69
98 45 83 94 48 60 48 50 80
81 63 97 56 56 76 63 91 95 86 73 54
73 62 76 78 73 62 84 58 59 92 72
46 46 93 43 45 45
99 67 54 67 64 62 34 39 42 34 32 41 34 41
