13 0 14 32 10 41 37 43
9 5 80 88 85 48 86 82
0 6 7 14 13 6
6 12 63 52 88 53 88 96 82 49 57 49 49
82 90 2 56 60 66 95 95 76 98 59
56 55 48 81 99 84 62 45 95
9 85 85 71 49 98 66
2 5 77 96 72 65 73 74 68 99 50 80 71
10 4 5 8 6 92 82 96 89 77 86 65
3 9 12 1 4 1 52 96 96 64
61 90 46 64 55 98
3 7 61 11 32 35 30 37 30 33 42 30 38 34 31 36 40 40 35 41 71
32 32 11 79 47 85 48 94 69 76 78 70 52
0 12 12 5 2 90 51 97 94
11 9 14 10 14 9 1 4 93 71 93
9 4 5 0 7 13 4 1 92 54 67 67 99 63 72 79
3 47 47 46 95 62 84 85 86 92 74
62 92 93 97 43
8 0 12 9 14 1 82 53 89 93 95 65 55 64 45
6 7 7 6 8 5 8
9 11 11 90 61 51 95 93 58 96 63 87 1
3 11 5 10 4 7 74 77 56 81
90 95 56 91 64 79 78
1 6 13 13 4 11 2 94 59
8 14 9 13 3 14 12 9 14 10 5 90 85
0 10 6 9 41 44 2 11 2 14 13 82
8 12 4 11 4 47 68 25 18 26
5 7 1 82 94
9 7 6 12 6 4 13 1 0
7 1 82 95 46 50 81 71 25 19
10 4 1 11 43 33
10 14 6 14 5
10 9 4 61 14 11 5
40 33 39 42 10 9 13 4 13 12 9 64 67
2 11 82 75 64 92 58 64 64
10 3 14 9 6 14 6 3 7 11 10
12 13 5 3 8 0 9 4 7 9 89 79 57 77
96 72 78 76 59
7 66 98 26 18 15 23 29 18
13 5 5 0 90 70 98 25 29 18 22
12 4 41 42 36 30 37 36 37 33
5 4 13 14 0 8 9 75 88 95 99 50 45 62 99
5 12 4 4 7 14 9 4 4 11 68 1 54
14 10 5 84 69 65 57 46 35 31 40 42
32 41 42 43 34 31 43 40 35
24 22 15 23 16 21 20 19 18 19 21
21 21 28 62 45 50 58 54 86 48
15 20 26 25 20 28
16 21 18 21 27 25 29 28 24 19 16 15 16 19
16 28 24 21 27 26 18 19 15 22 28
16 21 15 27 20 28 29 49 48 11 32
25 15 24 22 25 16 21 93
98 57 77 45 62
85 96 57 58 66 64 55 69
19 27 21 23 15 22 15 21 26
18 18 15 23 23 15
22 19 27 23 25 20 15 21 27 15 28 22
23 15 25 25 83 46 65 55 45 62
21 26 16 20 47 60 96
23 27 15 20 27 29 26 19 28
20 27 15 15 21 18 49 47 73 80
15 29 16 17 28 24
18 25 27 24 20
16 25 27 15 20 15 19 19 28 21
16 27 15 20 15 15 21 26
16 21 16 17 98 78 69 54 60 62 84
26 15 18 29 25 19 21 18 15 23 15
16 20 25 16 23
22 19 16 22 20 19 18 16 23 29 28 24
20 21 25 29
20 25 25 24 29 26 15 25
23 15 25 22 22 18 18 24 27 20 15 27 15
21 15 27 24 19 27 24 20
19 18 25 24 22 27 21 16 22 28 24 20 26
19 24 25 66 73
26 19 20 98 91 57 72 87 19 28
25 18 25 20 26 58 81 73 98 45
24 19 18 26 29 22 26 20 25 21 19
16 21 24 23 15 26 17 29 27 27
26 20 23 29 25 15 26 24 28 27 27
20 17 17 17 20 21 16 15 26 20 25
22 24 24 19 17 28 28 24 29
27 24 27 25 18 27 25 19 24 18 19 17
27 28 24 24 29 28 22 22 24 49 17
25 15 23 27 15 21 28 24 22
28 29 25 28 24 17 71 99 50 45 62 50
22 19 24 29 26 17 28 22 19 24
21 22 28 28
29 20 49 20 28 18 15 22 16 16 27
29 23 24 26 18 29 25 26 19 22 22
30 36 35 40 37 44 32 40 42 35 36 37
41 40 35 41 36 43 36 35 41 41
30 38 39 36 31 33 33 39 41 30
35 42 36 33 41 35
31 39 33 35 36 44 40 31 33
37 33 41 5 6 7 9 7
11 82 75 96 92 99 45 93 52
11 8 58 54 77 46 91 84 64 55 64 54
2 80 85 65 64 71 70 98 21 15 24 25 25 27
36 44 39 77
35 30 35 37 41 34 36
33 34 39 30 37 43 42 43 39
41 40 35 34 43 34
31 37 30 36 37 43 44 61 0 9 8 0
33 37 39 42 43 31 34
37 14 75
30 37 44 81 62 52 90 62 45 72
35 39 35 30 30 36 35 34
37 38 41 35 31 34 42 42 56 80 50
44 37 39 39 32 93 13 14 11
36 40 30 41 35 36 31 38
37 69 74 82 55 65 51 95 48 58 74
37 43 42 38 36 30 42 41
43 34 31 34 43 42 33 33 30 43 43
38 30 38 39 38 33 37 30 56 88 86 58
38 30 38 40 39 43 39 36 37 39 37 43 44 36 31 44
38 44 39 43 44 41 35 41 35 37 33 37 34 44
39 34 39 42 31 36 34
42 36 40 37 30 37 34 35 37 30 44 40 44
39 42 36 42 43 41 37 43 42 30 42 37 33
40 33 32 32 4 4 5 11 51 63 82 1 2
39 30 44 32 11 10 3 82
2 4 3 10 10 8 0 6 11 13 12 9 13 0
41 40 30 32 5 7 6 6 10 0 1 6 0 8 0
32 40 36 37 34 32 41 36 33 31 40 39 43 42 39 35
42 44 97 60 52 67 71 53 86 86 72 65 95 81 52 99
34 39 37 36 37 35 34 42 35 30 36
40 39 42 43 64 99
42 42 42 36 36 37 42 49 67 67 89 77
55 99 60 75 51 67 46 91 63
41 32 40 41 44 37 30 42 39 41
43 34 99 60 77 76 83
36 31 42 36 38 36 33
44 40 33 39 34 49 61 48 74 90 70 73 76 88 80
36 42 30 42 83 60 83 63 82 4 5 9
45 50 69 99 25 18 29 49 51
60 14 7 12 4 10 5 11 3 5 7
45 67 36 43 42 38 30 88 65
95 99 57 68 79 55 64 67 10 0 10
72 51 68 71 99 84 76 84 91 72 81 79 68 68 68 94
51 91 51 95 78 88 88 69 85 73 65 48 13 1 4
93 97 55 74 89 86 61 90 69 80 53 55 60
82 96 47 80 86 60 99 85 86 64
80 50 99 67 45 64 98 57 58 39 40 44 32 40 40
58 67 66 62 49
85 13 12 14 9 13 14 9
28 16 15 22 23 23 15
57 45 84 70 98
95 80 50 78 83 96 82 67 72 97 56 95 91 62 84 62
68 79 74 71 57 71 80 78 67 54 48 69 60
75 82 88 78 78
88 97 56 53 90 77 62 95 65 98 46
57 25 23 21 27 28 18 24 18 28 29 26 71 56
51 96 95 86 62 55 57 52 60 4
68 74 54 68 47 92
51 1 72 63 72 96 75
52 14 43 81 85 46 60 94 47 79
52 94 41 31 42 39 40 38 36 30 42 11 4
52 79 57 88 53 60 94 85 13 7
53 68 74 92 60 91 63 64 50 77 75 82 4 10
57 72 97 53 55 64 55 90 10
97 82 75 47 98 85 98 78 69 69
93 52 88 53 84 66 48 77 88 59 80
54 58 53 88 67 69 64 62 66 85 86
88 78 98 46 50 99 84 79
91 87 92 69 90 98 67
55 72 91 63 54 74 82 96 82 5 94 83 93
97 88 81 79 1 4 9 13 14 11 11 43 42 30 37 43 37
56 79 68 74 79 47 78 71 66 59 56 49 57
97 62 45 81 86 65 65 86 53
52 62 64 99 67 92 68 11 2
19 25 24 29 24 18 26 19 18 21 15 23 18
57 79 86 85 87 85 74 82 75
49 88 82 58 48 50 64 58 96 96 71 46 91
59 49 29 25 24 15 24 26 20 20 15
58 67 96 1 1 14 12 6 12 13 4 2 55
82 79 68 79 68 91 63 55 71 92 75 63 74
91 76 87 68 92 82
59 93 52 97 52 89 54 81 80 61 51 75 95
99 90 62 78 53 83 89 58 52 81 78
68 47 97 55 72 26 65 69 96 82
81 50 57 62 86 85 32 44 81 80 98
60 89 60 45 62 54 54 97 95 67
80 80 76 93 62 79 17 26 18 18 26 22 17
54 67 80 71 89 66 98 76 90
61 61 61 5 0 9 12 9 8 0 8 46
66 79 53 60 53 88 56
62 80 99 84 64 53 51 59
84 88 52 93
72 67 64 91 58 46 35 40 37 32 11 5 11 11
63 51 87 48 48 57 81 77 77 95 55 80 99 69 61
63 63 92 51 1 82 54 3 7 6
64 60 49 71 8 0 68 74
58 89 76 88 82 54 92 82
92 74 79 52 51 61 48 87 79 64 62
72 57 78 11 11 11 3 10 87 69 73 69 91 84 84 76 53 78 60
82 2 10 85 49 98 50 86 57 56
55 78 58 78 79 57 89 74 96 67 83
65 59 66
98 67 65 93 68 75 49 51 92 82 79 58 49 58 82 68
98 66 70 80 68 52 78 65
99 48 55 60 87 61 51 51 50 88 52 43
75 82 81 52 88 80 80 68 50 99
51 88 75
48 64 99 57 83 51
50 48 87 85 47 77 47 68 62 56 69
68 67 65 59 66 28 19 29 74
65 72 92 45 97 17 24 28 24 26 15 20
89 57 88 83 83 75 78
73 50 80 53 53 88 80 53 61
70 95 59 49 91 91 84 99
70 81 43 99 89 58 59 93 69 50 99
52 93 52 78 52 68 68 51 91 60
77 71 92 54 67 66 98 62
71 62 63 81 62 67 66 51 61 90 57 96 82
78 80 86 85 0 13 0 14 13
97 53 47 49 58 55 71 58 91 64 81
77 70 73 95 94 99 88 68 64
72 54 46 51 79 51 81 51
62 81 39 34 34 37 42 33 37 33
69 51 71 93 59 1 82 51 72 51 79 60
56 78 60 56 99 91 95 33 43 42
83 86 99 67 67 69 76 84 76 76 69
69 46 51 98 54 4 3
68 47 94 77 66 62 77 64 49
87 57 57 54 45 62 45 45 52 50 47
82 74 75 89 83 80 65 62 62
51 91 80 75 82 68 76
65 58 65 81 97 97 77 46 78 99
99 50 65 92 82 3 32 34 43
72 65 54 85 57 65 62 80 50 95
69 46 86 15 26 18 22 25
53 88 80 65 55 60 71 97 64 60 47
48 46 51 63 64 64 95 66 93 78 97 56
53 83 77 88 83 94 73 98 78 60 48
97 95 77 48 8 4 7 9 13 14
15 21 18 25 24 29 28
79 51 66 67 72 84 47 91 84 98 58 49
79 4 7 12 13 7 83 99 98 79 79
89 44 35 35 40 33 4 5 11 14
85 89 89 87 46 77
71 61 82 50 50 48 95 47 76 90 70 46
48 51 56 94 72 74 85
91 96 80 50 48 96 54 92 70 98 56
81 11 2 11 40 39 39 42 40 30 34 31 35 30
87 59 66 60 68
82 13 14 11 2 11 4 10 13 3 11 9 4 13 1 3
4 9 1 92 96 92 62 64
82 92 64 55 98
6 12 4 1 87 60 72 78
76 61 47 50 27 29 28 18 19
83 94 95 73 78 59 66 64 59 85 52
47 80 65 95 46 68 46 80 86 55 62 88
84 64 85 91 91 51 68 88
94 84 50 87 82 79 58 59 66 48 86
69 11 2 32 10 14 11 96
85 95 68 3 10 10 9 6 12 10
59 72 53 77 84 67 58 64
6 7 9 10 14 46 91 75 67 84 87 83 63
86 48 83 91 58 93 66 88 57 57
48 48 87 89 76 91 94 95 79 66 70 67
99 64 41 42 40 81 65
87 65 98 86 46 94 72 51
87 94 57 89 77 69 47 49 27 24 29 93
88 90 90 60 88 80 50 48 9 14 8 0 82
10 9 13 12 8 6 12 0 1 5
88 60 60 89 56 78 81 45 62 79 73 54 60 86
89 77 45 62 80 54 75 52
78 49 26 86 87 46 86 65 85 95 75 78
77 79 65 92 81 88 62 59
85 83 80 88 49 77 57 79 88 52 78 54 58 57
61 98 62 46 72
90 54 54 61 52 52 80 51 65 59 46 81 99 71 80
91 51 61 89 93 48 50 53 64 54
43 37 36 40 37 39 37 34
91 19 29 17 27 24 27 25 25 28 15 19 19
6 0 4 0
79 48 72 56 99 80
96 96 52 79 48 48 84 52
76 96 63 94 95 61 90 76 84 62
93 94 60 84 56 97
49 93 56 58 76
83 79 45 73 53 11 3 0
59 59 58 1 82 64 78 76 65 55 53
76 11 13 9 4 11 2 14 9
47 48 87 54 92
95 77 68 79 71 97 17 16 19 16 19 16 24 26
65 57 64 52 56 93 96 63 82 89 58 56 81 43 44
86 79 51 90 65 72 95 97
47 67 96 63 83 88 78 49 66 69
13 0 9 6 13 3
97 53 93 52 56 71 78 86 94 91 63 32 4
71 75 63 91 66 59 76 53 57 49 52 95 51
87 79 52 88 52 83 76 64 45 84 99 76 84 69
98 70 98 12 0 5 11 67 78 65
60 75 53 78 86 85 83 83
95 98 69 73 69 50 99 49 95 95
48 87 86 65 86 95 82 90 11
76 66 62 64 53 97 58 65
83 74 97 67 72 58 93 84 66
