9 14 13 12 5 4 7 12
0 12 0
0 12 0 12 12 6 1 6
1 6 0 7 13 4 10 14 11 90 78
96 96 63 96 82 92 81 62 63
1 4 7 9 7 0 12 3 11
2 0 6 0 8 0 0 6 12 6 0 12 9 10 14
2 11 32 11 2 10
2 11 32 32 41 34 40 33
3 5 10 9 7 6 12 13 13
3 11 90 85 98 71 93 49 93 49 98 73 73
7 9 4 11 14 13 9 13 12 13 9 10 4 4
4 10 3 11 32 11 14 13 7 7 0 7 3 7 3 0 5
4 0 10 3 5 0 7 4 13 4 1 6 12
4 1 6 12 12 9 7 12 6 12 9 12 6
5 3 7 0 10 9 7 4 2 11 2 11
5 10 4 2 32 11 32 11 32 90 86
2 11 3 10 3 10 1
6 0 5 11 90 61 90 85 58 59 71 58 71 93 66 91
0 7 6 7 4 14
6 12 9 1 82 74 75 58
7 4 4 1 6 0 8 0 12 9 14 4 5 11
7 4 11 4 9 10 3
13 7 9 4 10 14 10 14 11 14 11 2 11 2 11
8 0 11 14 0 7 0
8 0 4 13 7 7 1 6
8 0 12 13 9 14
9 7 3 10 3 7 4 10 5 10 10 4 11 5 0
14 13 4 7 0 5 13
9 14 13 7 5 11 5 10
10 11 14 11 14 13 14 4 13 13 9 10 0 8 0 8 0 12 13 12
11 4 1 58
5 0 8 6 7 9 14 9
11 2 11 4 8 0 9 12 9 7
2 5 3 32 11 32
3 5 10 3 7 9 14 13 7
13 6 7 9 0 4 13 9 10 9 13
12 4 9 14 11 14 9 7 3 10
12 6 0 6 7 4 11 4 9 7 0 10 9
13 4 7 3 7 13 13
9 9 12 14 10 11
13 7 8 6 1 4 13 4 10 9 14 10 9 14 3 10 4 9 7
14 4 7 9 12 9 13 7 13 9
14 13 9 7 9 14 9 4 1 82
14 7 0 6 3 11 32 41
15 20 15 23 23 21 27 24
23 15 23 15 28 23
15 19 25 26 29 28 29 28
16 21 22 25 19 28 19 26 20 15 15 25 24
16 19 25 15 22 18 27 21 27 24 27 28 19
16 22 24 21 22 15 25 20 25 29 26 29 25 29 26
17 18 26 49 58 66 58 57 79 79 65 72 95
17 26 49 65 57 80 47 80 50
17 26 22 28 19 16 21 27 15 22 29 25 20 15 27
18 22 19 22 27 28 24 24 27
18 22 15 26 18 25 21 22
18 26 17 20 17 26 26 20 26
19 28 19 24 24 19 16 21 27
28 24 28 22 18 26 17 26 19 22 28 27 21
24 22 21 27 28 22 18 25 15 27 21
20 18 26 49 69 60 77 60 89 58 89 77
20 25 20 26 18 26 16 19 28 27 24 28 27 28 19 16 26 29
20 15 21 16 21 15 21 16 21 15 25 24 27 15 20
21 27 15 29 26 20 15 20 24 22 15 24
21 20 15 22 22 19 28 19
21 20 26 20 25 15 23 15 20 19 24 25
22 28 22 18 25 20 26 29 25 29 26 49 83
19 17 26 25 15
19 28 21 15 23 28 24 19 16 21
23 23 20 25 20 20 26 49 93 66 58
15 21 27 21 22 19 25 19 22 19 19 16
23 15 25 20 98 85 48 60 99
24 19 22 28 27 19 18 22
24 19 28 22 24 27 21 15 21 27 28 28 28 27 28 24
24 29 24 22 25 19 16 19 24 28 22 15
27 28 27 15 27 21
25 20 15 20 26 29 28 22 21 15 29 26 18 26 26
25 20 25 16 19 16 21 27 28 24 28 24 25
26 18 26 29 28 29 24 28 24 19 25 18 22 28 29 25
17 26 19 25 18 21 27 15
26 17 26 20 29 28 24 25 19 16 21 16
27 29 28 29 26 27 19 16 21 15
21 27 27 28 29 29 24 28 27
27 21 15 18 29 28 22 24 28 22 20 26 29 18 22 28
28 24 19 28 29 24 28 22
28 21 22 18 18 26 49
25 15 23 25 25 29 26 22 24
29 26 25 20 15 27 21 27 25 29 25
29 25 20 26 16 19 24 27 21 25 23 23
29 26 49 98 57 71 93 66 46 98 78 98 85
30 30 40 36 41 34
30 42 39 43 37 43 42 39 35 30
37 34 40 34 41 34 39 44 40 39 44
31 36 42 36 42 36 30 35 41 32 2 10 5 11 3 10 1 68 74 1 6 0 10
34 41 35 35 40 44 81 55 60
31 37 30 38 30 38 36 40 39 44 40 44 40 34 31
32 11 5 6 7 3 10 3 32 41 33 37 30
32 11 5 90 61 54 74 54 83 58 71 58
32 3 10 9 12 6 12 6 12 7
33 41 33 41 33 40 34 31 36 37 43 42 34
33 41 35 41 34 40 30 42 44 41
33 37 30 38 30 40 30 35 30 40 30 37 33 40
34 34 39 44 41 33 37 39 35 37
34 43 34 37 34 40 34 32 11 2 11 32 41 44 41 34 42 30
44 41 32 11 5 11 32 35 40 35 40 44
41 34 41 32 33 35 41
35 41 44 39 34 41 33 40 33
35 41 34 37 34 39 43 34 32 11 5 0 10 9
31 42 42 30 35 30 40 30
36 35 40 37 33 40 30 42 43
36 30 40 34 39 43 37 39 34 35 30 40 43 42 37
37 37 37 34 40 33 40 39 39 34 39 43 44 41 35 40 39
37 36 31 36 31 34 31 30 37 33 41 33 37 30 35 30
37 33 41 32 10 5
38 42 43 34 37 30 41 34 41
38 30 35 41 76 83 81
38 30 31 36 30 40 30 38 30 38
39 44 39 34 44 32
39 43 39 34 34 40 35 38 30 37 43 81
39 34 31 37 37 36 43
41 35 44 43 34 41 35 30 35
33 37 35 40 44 41 44 40 30
40 35 30 36 30 37 34 31 31 36 30 30 36
41 33 40 44 39 37 43 71 93 49 56
41 33 30 38 30 42 43 41 35 30 39
41 33 40 41 44 39 31 36 42 30 35 41
42 39 40 34 43 37 40 39 34
42 39 42 30 42 36 30 40 37 37
42 30 36 30 40 44 40 38 30 40
43 37 43 81 71 93 49 78 57 71
39 41 33 30 37 39 43
43 81 55 65 55 60 48 83 54 59 66
44 43 42 31 36 37 34 39 37 40 39
39 39 34 40 30 35 41 34 37 33 41
44 43 51 91 51 46 81 63 72 46
95 62 73 69 50 86 65 71
45 62 73 69 73 84 99 69 94 83 94 83 85
45 45 62 45 73 69 73 70 98 67 54 74 75 82
46 94 83 63 55 81 43 42 43 37 30 38
87 48 87 58 50 62 45 62
95 77 55 64 53 88 80 68 82 74 89 58 89
47 77 57 89 56 71 58 79
80 80 86 48 86 85 83 85 86 48 86 95
49 58 71 81 45 62 45 84 84 76 83
48 50 80 97 56 97 97 81 92
60 55 64 95 46 57 79 52
48 48 87 60 52 88 78 76 84 91 66 91 51 91
78 98 67 64 62 64
49 98 50 71 81 81 62 45 62 81 92 81 81
57 79 47 95 65
50 99 60 83 63 91 63 66 54 92
50 50 99 67 64 55 64 81 97 52 81 71 81 63
50 50 57 49 78 90 11 2 11 5 11 11
51 75 52 60 46 94 83 63 83
49 93 71 80 88 88
51 57 89 26 29 26 29 24 19 22 24
52 81 51 46 94 69 72 51 47 95 65
64 62 45 62 73 64 55 60 77 47 61 47
52 78 76 69 76 69 60 69 76 90 85 83 94 95 62 81 81 51
53 91 66 91 72 65 86 65 85 66 98 73
53 95 77 80 88 75 89 74 54 74 82 96 82 75
53 97 56 77 89 58 48 58
74 82 75 80 80 77 47 75 88 88 52
54 64 62 73 69 73 69 94 95 46 95 65
54 92 94 69 94 46 95 62 51 79 58 79 52
55 55 81 52 43 39 37 36 34
65 64 62 95
65 86 86 95 45 62 81 43 34 41
56 71 92 82 96 72 52 79 68 74
71 70 85 98 78 78
56 97 53 88 75 47 95 47
88 78 71 57 89 60
58 48 58 49 46
46 97 78 98 73
54 74 82 96 63 72 51 91 84 76 78 97 56
79 91 66 63 72 63 83 48
54 67 54 74 1 68 80 88 53 75 74
59 66 98 57 64 62 99 48 69
59 66 93 49 93 52 60 87 50
59 66 84 76 61 77 52
60 99 60 77 46 87 48 87 86 65 55 65 72 65 49 93 66 58
60 60 89 77 47 80 47
87 86 87 86 87 50 48 85 86 48 50
61 11 4 11 3 7 0 13 4 1 6 1 4 10
61 90 11 2 11 32 11 9 12 13 12
61 51 91 91 49 58 78 60 81
62 64 53 97 53 64 67 54
62 45 50 48 50 48 99 94 46
62 50 99 60 56
63 81 97 47 80 50 50 48 50 57 71 49 93 66 58 59
63 51 81 55 64 67 64 72 72
63 96 74 89 68 74 68 74 75 51 79
64 62 62 99 60 87 56 71 98
64 55 65 57 66 91 84 63 96
62 99 69 50 48 85 85 48 85 83 85
55 65 86 85 87 48 62
47 95 94 46 79 51 75 74 82 4 12 9 7
65 95 73 62 50 62 95 49 98 66
66 66 59 66 93 88 52 98 73 98 49 57
66 89 77 57 77 77 47
98 73 69 56 71 93 52 79 46 90 61
67 64 64 53 88 53 78 76 83 85
67 67 99 50 57 46 59 66 93 71
99 60 79 50 48 87 86 95
68 46 94 83 67 64 62 45 45 62 81 92
68 79 43 92 54 89 65
80 79 72 63 83 54 92 81 63 96 63 83
69 78 78 66 98 46 57 71 56 60 56 97 81
69 78 98 70 98 25 23 15
69 73 62 73 98 67 72 51 72 65 72
70 98 77 80 71 71 58 48 85 86 85 48
70 98 71 81 55 55
70 78 66 84 99 67 99
63 96 82 74 75 74 47 77 87 46 95 95
71 93 49 98 87 48 48 87 65 57
97 56 58 58 82 74 54 74 54
72 53 88 53 64 55 65 85 90
72 63 94 83 54 97 56 60
72 63 59 58 49 98 57 58 66 91 63
73 93 49 78 60 52 93 71 49 86 65
73 62 52 52 79 60 89 74 89 98
73 62 62 95 72 63 96 72 67 72 63 85 90 85 69 99
74 67 98 78 97 78 49 57 52 93 66 48 85 61 51
51 61 63 55 64 72 65 72 63
74 89 57 49 26 49 98 67 64 64 53
68 68 58 48 62 84
51 90 85 90 85 83 85 90 90 85 48
75 74 68 79 52 60 55 65 83
76 84 91 84 91 76 83 76 78 88 78 49
76 90 11 2 11 5
76 69 90 85 86 87 51 51 79 98 67 72 63 83 94
77 47 77 89 58 54 74 54 83 60 83 76 78 56 60
58 66 58 48 85 48 85 86 65 55 60
77 50 65 64 53 64 55 56 60 99 50
78 83 63 81 71 80 50 48 95 65 65 65 72 65
78 76 75 47 62 73 70 98 49 93 49 58
78 52 79 51 75 88 75 74 54 67
79 52 95 94 69 60 89 74 1 82 1 4
79 78 91 66
79 58 79 99 50 48 50
80 74 74 89 60 83 96
88 53 97 88 98 66 93 59
57 79 57 98 73 62 81
55 65 80 60 99 84 62 84 46 87
81 73 62 81 53 88 75 47 47
57 73 69 99 84 62
82 96 63 91 63 72 63 82 1 82 92 82 1 92 68
82 96 82 96 82 74 96 63
82 92 81 75 77 46 66 58
83 85 90 48 86 90
83 99 50 65 72 51 79 93 78
63 96 63 83 61 90 85 86 63 83 56 71 58 59 66 58 66
84 62 50 50 67 98 58 74 74 68
84 76 84 76 69 99 84 76 83 85 86 65 95 62 64 62 95 94 83
84 45 62 81 43 81 72 51 91 46 49 93 66
85 90 76 90 85 86 46 57 79 58 97
85 98 95 62 64 57 50
85 98 98 67 64 55 64 64 72
95 94 69 76 78 56 49 78
86 87 60 78 88 79 68 82
86 48 92 81 62 64 97 78 93 71 98 78 47 80
85 86 85 78 90 2 11 32 41
87 48 86 55 88
87 46 94 46 94 95 77 89 59 58 79 46 79 51 81
88 53 47 46 95 48 62 73 69 94 46 91 84
60 81 43 34 39 44
88 52 81 52 79 51 46 95 94 95 65 95 65 55 51 72
89 77 49 98 57 46 91 46
89 74 68 88 52 94 46 94 46 94
89 60 50 57 98 57 86 87 65 55 81 81
76 78 57 60 55 52 79 68 80 50
90 5 11 32 41 33 41 35 41
90 61 90 85 90 76 90 76 83 63 83 78 60 99 50 48
91 46 94 94 83 76 69 94 83 60 99
95 47 88 80 68 96 63 81 55
91 66 59 66 98 57 71 57 65 65 86 95
92 67 64 62 73 50
92 1 82 96 63 85
55 43 42 36 31 36 37 30
93 66 93 81 97 51 81
47 61 99 99
52 79 58 59 66 58 49 57 71 81
94 95 77 65 55 53 97
94 46 95 77 80 88 88 50 62 45 62 73
46 91 83 94 95 62 45 62 45 62 73
95 62 50 73 71 56 60 78 49 78 98 49 57 79
95 95 46 87 48 86 85 48 86 87 86
86 87 90 85 83 92 82
96 91 84 91 66 98 71 56
63 81 43 34 39 40 35 30 40 33 37 37
96 96 72 67 64 53 81 97 53 97 56 97 78
97 78 88 80 71 98 69 60 83 76 99
97 81 55 81 51 91 83 55 72 65
97 56 98 73 62 64 62 50 55 52 79
98 85 48 85 90 85 89 74 82 96 63 72 51 75 82 68
78 49 53 64 53 88 53 88 50 80
98 57 77 95 86 87 72
99 84 76 83 83 85 83 69 46 94
99 99 60 87 86 51 61 47 75 82 68 79 52
99 67 54 74 54 54 92 81
