12 14 11 2 11 34 40 37 32 11 40 38 44 37
0 5 0 14 52 93 68 76 62 2 3
8 0 12 11 90 11 2 32 41 42 30 36 43 36 38
41 12 48 85 94 46 55
96 92 61 47 78 97 99 77 59
52 92 56 48 74 89 74 56 39 88 73 98 78
41 69 56 71 47 57 81
1 98 52 75 68 74 75 51 88 77
2 14 75 47 75 81 75 82 74 74 86
3 61 84 93 93 77 48 74 75 46 51 63 71 82 67 67 64 62 95
5 8 11 91 57 46 63 91 57
3 59 58 54 83 93
3 54 53 97 60 93 63 48 87 26
5 6 5 2 11 13 11 91 63 81 51 46
12 12 31 41 32 32 95 94 94
8 0 11 5 10 5 4 7 3 83 13 86 78
94 46 59 87 89 60 24 25
9 32 4 5 10 67
31 43 35 36 30
6 7 46 58 99 84 40 81 43 34
6 0 3 12 6 9 10 4 85 59 66 98
47 48 65 72 67 73 48 50 62 54 1 82 75 56 97
0 6 3 41 34 38 40 41 44 97 60 72
4 10 11 5 3 4 13 90 95 95
4 11 31 44 43 97 56 64 97 92 86 97 78 25
4 10 10 2 0 5 42 63 51 76
4 11 6 74 99 91 51 64 97 65 14 14 10 14 0
7 3 7
11 8 5 14 3 90 76 75 61 72 93 55
9 57 60 55 62 73 69 73 95
13 5 10 10 9 4 64 73 71 57
12 13 7 61 58 51 65 98 70
9 13 14 10 6 5 9 10 69 50
2 13 7 57 73 76 62
11 12 8 90 90 81 51
11 3 7 13 53 75 78 65 84 60
3 14 12 6 1 3 6 1 94
1 74 65 52 79 57 66 88 53 88 86
12 4 90 57 58 72 47 79 97 65
12 0 11 0 0 3 53 29 25 20 26
5 51 54 71 65 57 60 77 66 59 49
5 5 7 6 4 10 8 5 14 9
57 5 61 12 8 0 0 42 39
12 61 62 84 48 15 15 19 22 15
4 5 10 10 14 5 5 1 9 9 5 3 11 10
20 48 47 63 70 57 46
15 17 64 52 60 60 61 61 52 65 72
15 20 57 55 65 86 49 24 28 16 19
24 25 23 21 16 16 21 98
19 26 22 15 28 16 29 24 27 22
21 92 68 82 75 74 89 98 58
17 18 27 72 65 56 48 98 57 66 66 93
26 96 84 81 48 89 98 52 43 43
17 28 16 27 28 21 25 49 77 90 32 2 11 32 32
19 18 27 15 25 26 4 90 9 13 6 54 49 98
19 57 69 50 81 43 42
22 25 15 19 27 16
19 19 19 16 28 29 20 23 23 15 17 28
19 26 27 25 24 15 19 17 17 17
29 80 65 59 77 66 59 72 88 49 17
25 20 24 21 16 15 17
20 21 25 20 15 27 21 22 23 28 26
15 23 18 17 17 28 17 25 27 28 18
15 22 15 22 29 29 57 46 79
16 29 27 24 25 22 16 16 15 27 20
22 15 21 19 89 83 94 60 83 46 96 64 69
18 21 16 29 24 26 71 76 56 60 57
22 16 29 29 26 16 27 26 18 26 49
18 23 15 18 27 19
23 15 18 27 21 18 25 28 29
18 95 77 77 63 73 81 53
15 23 15 95 62 99 85
98 85 48 59 66 52 77 79 59 79
24 28 25 26 14 32 32 41 44 43 44 37
25 23 23 20 49 81 59
22 28 19 24 25 29 17 26 24 25 24 20 29 24 29 22 24
26 27 19 21 22 28 20 24 89 57
72 83 2 98 98 84 91 83 76 69
21 17 51 71 62 97
25 28 22 18 22 16 24 24 20
26 47 79 79 58 39 36 31 36 33 40
17 28 18 15 16 16
23 21 21 27 28 22 21 20 92 78 56
26 19 28 23 21 21 27 25 29 28 27 29 29
28 19 27 23 15 21 18 25 28 16 27 28
27 56 73
28 19 28 78 87
21 16 17 82 7 5 4 32 35 41 34
15 18 19 25 18 27 28 25 29
16 22 15 23 15 15 23 21 49
1 2 11 14 14 2 5 14 0 1 89 83 46
30 31 36 37 37 40 42 10 43
30 44 42 57 88 70 93 91 59 54 67
34 39 40 35 31 38 31 34 44 97 81 54
36 41 42 34 43 81 92 11 6 4 7 13 13 6 4 11 7
31 39 43 48 87 72 53 62
32 90 78 48 86 68 82 81
32 80 47 68 84 98
32 0 28 24 20 21 21 23 27 28 29 15
37 40 41 36 33 30
33 32 41 73 78 78 85 48 64
31 44 35 36 41 40 81 33 43 44 39 34 32 32 40
33 37 32 41 33 41 33 36 33 2 12 8 0 2
44 39 30 40 34 81 55 78 49 66 81
31 31 36 33 42 33 44 41 11 61 49
43 38 34 31 41 35 36 42 92
34 14 13 90 68 68 82
43 39 34 39 41 35 30 12 13 7 14
34 35 36 31 34 37 37 30 36 30 31
38 31 44
36 37 34 41 32 12 5 14 44 43
31 44 40 33 40 35 43 35 40
33 32 14 0 6 56 55 64 67 86 71 57
37 31 78 21 18 19
38 30 41 90 61 52 87 76 85 72 80 91
38 37 33 39 31 36 38 6 93
30 44 43 39 40 30 37 39 35 39
43 43 91 59 62 64 45 99 73
35 36 42 40 33 36 30 33 42
33 31 37 36 35 36 37 31 44 39 34 37 33
40 44 81 62 84 55 63 74 83 85 93
39 2 2 4 7 13 12 0
40 36 34 10 32 9 7 4 7 7 6 4 4
32 32 33 32 5 2 11 12 10 0 5 9 12 14
43 37 39 67 88 88 75 59 93 71 78 51 71
38 34 43 36 44 42 35 61 1
6 2 12 6 14 3 20 27
38 36 31 31 40 37 40 42 44 40 42 30
44 34 37 33 30 41 33 37 30 37 35
35 44 40 30 41 34 39 39 40
43 30 39 39 33 40 36 36 44
41 34 39 61 80 66 62 38 31 30 32 50
33 42 44 41 62 74 71
44 30 36 33 42 97 91 84 62
38 30 39 36 42 71 48
45 94 75 62 48 95
45 84 79 55 81
45 4 82 72 35 30 37 42 44
71 93 66 70 57 63
90 79 52 72 53 82 79 68 3 13 12
57 74 71 92 63 52 30 51 93 46
57 87 46 74 89
53 56 51 99 89 74 30
77 77 50 86 14
80 61 63 85 48 65 46 94 9 6 1 5 64 54 43 38 34 41 32
50 27 24 27 18 26 27 22 15 27 27 26 29 17 17
77 47 52 49 26 79 57 94 99 56 86 87 86
51 97 45 84
47 80 50 53 99 74 71 96 6 91 51
46 65 90 83 63
62 92 74 77 78 23 29 26 18 22 15 98 28
84 57 82 82 68 6 5 6 12 8 0 7 9
91 59 59 71 52 79 46 69 58
74 75 57 50 94 83 80 61 47
81 97 51 68 47 98
70 98 78 63 48 85 50 48
52 97 53 61 91 57 77 93 91 96 96
52 50 8 7 10 6 9 12
97 64 73 49 77 84 99 45 92 97 92 58 54 63 96 80
53 54 83 96 63 62 78 57 49 53
64 67 67 92 50 97 56 49 93 89 94 71
97 75 75 1 0 0 4 1 1 4
54 55 46 66 54 63 63 81 92 74 73 99 68
54 49 85 72 96 61 94 99 50 52 79 93
61 76 91 84 83 98 76 93
85 45 62 53 17 26 27 28
98 59 54 69 1 8 8 0 10 3 1
78 85 98 81 82 59 47 77
56 74 82 67 65 50 64 64 62 76
63 85 87 65 78 71 50 72 91 76 85 61
31 44 33 41 97 86 86 96 91 81 56 60 72
95 58 59 50 87 52 48 94 61 54 94 69
83 69 88 74 76 88 85 88 87
49 75 51 48 46 95 59 66
71 54 68 82 92 62 73 59 88 75 82 93
92 97 93 63 92 73 85
77 88 68 81 81 97 49 50 80
59 82 74 83 83 72
58 89 79 43 73 69 97 82 92 81 45 60 55
56 71 83 62 62 79 81 80 86 57
71 55 87 84 82 83 60 89 83
88 55 68 68 6 12 10 32 32 37 38
91 96 14 47 96 66 52
12 4 12 0 44 41
92 74 82 1 98 2 14 9 12
47 64 65 54 72 81 55
81 97 28 16 16 27 93 68 93
42 31 36 38 30 34 44 34 40
81 84 51 84 78 47 62 69 93
96 69 82 6 0 4 2 76 73 59
63 71 87 98 51 2
63 63 90 88 46 73 72 46 60 85
53 97 43 58 93 66 65
65 91 49 23 21 22 24 55 55
81 81 54 67 58 73 73 56
65 48 50 80 84 62 91 95 84 53 51 81 71
94 0 67 67 71 72 49 26 22
61 92 43 37 34 37
59 63 63 96 14
66 81 59 58 67 74
48 57 87 90 61 41 33 44 44
75 72 51 88 57 50 66 51 79 57 57 74 74 82 82 96 92
54 9 6 0 10 5 14 4 11 3
64 56 99 55 45 10 0 85 86
68 82 50 50 46 65 58 50 89 88
79 60 79 17 24 26 47 53 78 73 94 76
79 68 57 46 76 50 48
78 58 86 82 72 64 83 65 95 77
69 81 55 49 90 51 82 68 47
59 84 98 71 98 81 46 91 58 67 77 89 63 99
73 65 53 49 66 59 68 39 48
70 89 93 62 64 55 65
70 99 87 46 83
82 51 35 38 30 36 30 36 31 30 42 30 33 32 43 44 43 33 30 41 44
29 24 82 96 68 86 65 60 64 55 81 81 52
48 27 15 27 28 24 28 16 21 22 18
55 62 81 69 60 56 45 85
86 85 80 47 32 42 39 42 39 31 44 35 30 31 44 42
67 83 98 66 73 93 86 66 59 94 52
92 64 52 46 63
1 4 10 13 12 9 4 9 6 2 9 13 14 7 9
78 80 51 52 49 93 19 17 27 24 21 29
83 94 60 83 78 15 28 29
89 89 57 81 80 76 76 95 92 36 33 30
49 55 67 61 59 91 50 76 90 13 2
82 1 8 12 12 12 6
3 12 5 91 73 62 73 58 78 46 94 62
75 96 82 6 3 14 61 51 53 47 56 53 46
58 73 63 56 95 63
76 73 89 59 63 72 55 86 80 93 62 45 73 64
52 92 82 83 65 53 88 56 49 82
61 81 63 78 60 1 82 68 60 78 92
60 83 76 78 50 51 61 52 52
96 79 60 54 58 70 57
84 78 78 99 30 43 41 35 72 69 78
95 45 56 83 77 39 34 31 33 41 44 31 31
98 98 91 60 99 50 79
92 39 33 36 44 41 30 43 31
79 72 71 93 49 64 81 80 95 87 94 86 95
0 64 72 56 80
90 76 62 59 13 5 6 6 10 14
86 58 77 79 83 64 81 72
47 75 94 82 73 70 72 54 74 95 95 75 51
64 72 42 5 91 86 48 50 74
67 86 86 48 85 6 1 57 60 76
40 35 40 47 57 98 18 27 15 23 29
94 86 59 66 46 57 50 75 50 69 60
67 54 92 66 59 87 40 36 33 40 44
82 93 66 54 52 81 56 55 64 62 3 10
83 58 75 47 82 79 91 51 66 93 93 6 12
56 92 85 93 63 56 53 69 94 84 63 64 64 89 73
95 19 25 15 18 22 28 23
84 50 1 0 1 7 3 12 78
62 65 17 18 26 16 19 19 25 25 29
50 65 48 70 98 78 98 50 49 50 95 92 65 66 57 87 48
85 86 85 75 46 45 83 67 97 65
92 62 73 66 56 76 90 11 46 97 88 75
52 88 83 51 63 71 56
87 95 57 77 62 45 45 97 97 97 99 86 58 58 49 81 78
86 73 87 95 60 99 60 53 64 63
86 58 71 46 55 74 80 68 61 96 63 61 47 79 46 57 77 52 79
60 69 70 98 72 84 28 26 18 17 21
45 62 67 53 72 54
95 99 91 63 62 62 62 62 53 53
94 69 24 17 47 13 14 7 4 2 94 50 99 86
88 65 88 19 22 15
71 47 51 52 86 57
67 80 77 29 20 25 27 71 49 83 86
99 60 67 46 73
86 21 15 22 56 53 53 47 64 76 51
7 5 13 3 76 73 62 45 62 50 63 56 67 50 66
47 69 94 97 58 53 57
7 13 14 0 7 0 86 86 50 98 49
88 77 57 78 51 47 75 72 54 91 69 67 89
57 89 58 79 14 7 13 14 9 84 56 60 56
72 59 67 73 94 51 79 52 60
81 79 93 97 66 78 58 50 64 67
77 47 95 53 6 10 86
45 74 68 48
51 88 52 61 90 90 57 94 64 93 71 71
97 73 94 51 61 67 86 99 84 50 67 88
51 91 70 70 51 58 66 64 75 56 69
84 53 93 79 67 94 60 51 47 80 68 68 97 96 82 68 51
69 67 68 74 77 89 68 92 98 69
45 78 61 47 47 90 85 85 5 7 3 11 6 3 10 14 13
76 69 66 98 73 62 99 64 64 73 66 43 33
66 72 65 49 59 95 69 83 54 76
80 68 68 55 97 81 98 55 92 94
80 76 66 59 57 98 83 77 65 72 81
7 0 0 8 0 9 0 0 10 1 82
72 68 53 75 83 88
53 88 14 32 9 14
52 81 58 58 79 98 86 72
56 51 50 26 23 18 28 17 18 20
74 84 36 33 37 34 41 35
59 71 93 73 73 62 95 92 82 79 63 69 65 61 71 93 58
81 61 74 50 51 85 83
73 88 26 26 29 25 29 28 29 16 16 21
52 80 92 48 71 58 82
52 64 98 80 88 81 35 34 81 47 93
