0 5 0 8 3 7 9 7 4 9 12 0 12 0 11 3
13 12 6 1 0 6
5 11 5 11 1 1 92 81 43
1 76 99 76 99 67 54 83
4 9 10 5 10 10 5 10 32 3
1 92 54 67 96 74 89 74 60 69
10 4 90 76 83 74 54 67 47 75 88 80 68 83 63 63 65
2 11 9 9 11 2 11 4 9 14
2 90 85 86 72 1 1 0 10
3 12 4 12 12 12 0
11 3 2 11 85 98 85 90 32 41
3 4 7 7 4 1 54 82 7 1
0 8 0 7 14
3 7 13
4 10 5 6 12 13 9 13 9 7 13 10 7
5 12 6 7 4 13 7 0 11 4
14 13 13 1 12 13 9
5 0 8 5 9 10 7 4 7 13
6 3 92 54 98
1 4 13 7 1 4 13 14 11 3 7
7 13 10 9 12 6 1 82 75 74 68
7 11 2 11 90 76 84 76 50 64 88 75 95 62
0 8 0 10 0 14 0 7 0 5
3 0 8 0 5 0 10 7 3 11 14 9 10 3 7
8 4 14 13 7 6 1 96 1 74 89
8 12 0 6 0 11 11 4 10 10
8 0 10 4 9 7 14 13
9 13 14 14 10 3 41 35 40 44 40 39 37 33 40 33
4 13 14 13 7 14 9 13 7 0 12 9 10
9 12 9 9 9 14 9 5 10 11 41
10 90 61 51 61 90 58 49 98 85 73 64 62 84 62 98
5 2 12 32 41 35 30
10 6 1 82 75 68 53
3 2 11 3 11 32 11 14
11 3 12 13 12 9 14 40 34 40
3 11 5 10 9 7 10 9 14 9 12 9
90 61 71 58 48 86 95
32 35 43 89 60 52 93 59
12 6 0 11 0 5 0 10 10
14 0 8 6 1 5 8 0 10 8 0
13 96 63 82 92
13 12 12 6 7 3 10 5 5 10 3
14 13 10 4 90 86 85 86
14 10 5 0 8 6 1 6 1 61 47 75 53
4 90 85 85 48 48 54
28 27 24 20
19 56 60 53 47 80
15 21 15 21 22 25 29 80 67 98 70 70
16 21 24 22 24 28 29 24 27 21 22
21 18 25 15 21 22 24 29 24 19 16
16 21 23 19 29 24 22 19 16 21
19 24 22 19 28 25 24 21 15
17 81 30 40 34 31
26 28 22 15
18 24 29 28 16 29 26 18 26 18 22 21 27 24 19 16
18 22 15 20 17 26 49 58 48 87 93 58
22 24 27 28 19 25 18 19 16 15
19 28 22 21 16 21 22 21 19 18 26 20 15 24 22 18 29 28 27
24 24 24 26
27 22 16 21 15 22 18 19 16 21
28 19 49 26 17 26 49 47 94 95
20 20 25 29 25 29 25 20 15 29 22 16 21
20 81 43 39 40 44 43 44 39 42 38
21 22 18 26 28 29 24 25 20 20 26 17 26 20 15
21 24 20 15 25 21 19
21 22 18 22 15 27 24 26 18 28 24
26 29 25 15 19 27 28 29 24 19 26 19 26
24 28 25 15 20 25 22 24 25
16 21 15 26 21 15
23 27 27 21 27 21 27 16 15 23 15 20
23 15 23 15 23 15 29 26 27 24 19 28
23 15 27 24 28 27 29 20 20 25 29
29 16 19 25 20 15 22 24 28 29 49 26 18 29
25 18 24 22 16 27 15 25 29 26 20 15 20
24 29 26 49 57 65 72 51 69 84 45 62 84 76 83
25 29 27 15 19 24 28 27 15 20
18 19 16 19 24 16 19 21 28
25 25 20 15 20 29 29 17 26 20 25 24 28
26 47 29 22 21 25 24 27
26 20 23 20 19 28 15 27 24 27
26 18 15 21 15 25 29 29 26
27 21 16 21 15 20 15 26 16
27 28 19 28 25 27 28 27 28 24 19 22
27 21 22 25 18 25 29 24 25 19 22 28
18 18 26 19 26 19 22 26
18 22 21 16 21 16 19 29 24 28 28
28 29 58 48 50 57 72
29 29 24 21 28 22 18 25 29 24
25 23 21 27 24 22 28
29 24 22 18 26 20 24 28 29
30 35 30 42 35 40 39 34 11 8 0 7 4 11 32 44
30 35 41 44 41 40 35 40
30 38 30 31 34 41 44 43 60 55 56 97
31 38 36 42 43 43 34 34 42 43 39
31 36 42 31 34 43 37 36 31 34 44 52 79
31 42 30 33 37 32 41 33 42 36 37 33 41
32 44 40 44 40 30 35 36 42 37 30 35 30 36 30 37 44
32 10 4 13 9 3 7 6 12 0 14 9 9
11 5 2 32 37 43
33 39 42 36 41 44 10
33 44 40 42 43 40 39 43 81
33 37 43 52 35 36
34 43 81 63 96 63 72 54 92 82 74 68
36 42 39 34 31 34
43 35 34 30 36 30 38 40
35 41 44 41 44 40 33 37 40 44 43 40
35 41 35 37 39 34 31 34 40 30 30 44
35 40 40 34 35 40
36 31 34 41 41 44 40 39 35 40 39 37
42 39 42 36 39 39
36 42 30 42 81 88 52 62 81 81 52
36 36 31 34 40 44 43 37 30 35
37 31 37 86 95
33 42 92 81 92 91 46 94 95
38 30 42 43 39 42 44 39 42 39 44 41 44 41 41
38 35 43
38 38 42 43 42 35 30 35 32 11
39 31 33 37 39 39 40 34 43 34 40 30 35 40 44 41
40 30 42 36 35 41 35 41 33 41 34 43 42
40 35 41 40 34 31 36 30 35 30 35 40
40 44 36 39 34 41 33 41 34 43 39
30 44 41 31 37 42 30
40 38 30 43 81 63 92 54 58 66 59 66 59 58 79 51 65 95
41 37 36 37 44 39 33 44 39 81
41 43 37 43 81 55 98 78 76 69 98 71 97
40 35 39 44 39 41 30 33
42 34 34 35 30
33 30 37 39 40 44 41 35 40 43 36 42 30
42 39 42 43 34 42 44 43
30 36 30 30 33 40 31
41 44 40 39 36 42 33 35
43 81 52 67 98 68 74 68 80
44 40 34 40 44 5
30 38 39 37 33 36 31 36 34 33 40 30 42 43
44 37 34 44 39 35 30 35 41 32 11 3 41
45 62 64 64 67 98 67 96 63 75 88 77 57
45 84 90 71 96 82
45 62 45 62 84 76 53 88 80
88 75 51 91 93 83 92 82 80 47
46 95 94 78 97 66 51 46 98 85 58 48 50 80
46 51 79 57 80 71 98 57 95 46 57 77 49 47 91 91 66
47 66 58 71 77 47 80 71 57 93
47 51 61 61 52 60 52 79 68 68
80 79 68 82 82 96 63 97 78 78 88 78 49
48 50 64 53 97 46 91 46 94 69 76 69 76
48 48 58 49 58 81 51 75
48 50 80 53 64 67 69 90 61 90 61 75 75 82 83
84 91 60 94 69
49 68 83 60 89 49 60 78 49 93 52
48 87 48 85 90 61 51 46
83 90 90 11 10
50 50 62 89 66
50 88 80 50 99 67 64 67 65 57 89 57 98 79 57
51 88 55 55 72 51 74
61 60 43 44 40 44 43
51 68 82 96 57 71 56 80
81 71 80 71 58 54 63
52 83 99 67 55 92 50 80
52 79 57 95 46 57 89 89 89 54 83 94 95 87 48
64 67 76 84 91 51 72 51 72 49 52 57
53 80 75 51 81 42 41 41 33 34 39
53 64 64 53 88 78 98 47 80 71 75 51
74 82 75 82 92 54 58 49 54 79 46
54 67 99 54 83 60 89 80 91
67 81 81 51 79 51 84 63 83 60 83 63
86 46 87 86 86 95 77 47
65 72 51 58 71 98 67 86
55 81 41 34 43 81 91 66 98 91 84
72 65 86 48 87 87 48 50
56 56 97 78 78 88 53 48 63 83 85 98 93 49
56 87 86 48 86 48 48 87
57 71 71 87 69 78 80 62 84 94
90 76 84 99 69 99 84 94 83 60 73 64 55 81
95 46 46 69 76 62 81 71
58 79 57 50 53 97 75
58 80 50 48 85 90 96 82 11
57 79
59 66 98 69 60 98 57 49 98 67 64 55 56 97
59 58 49 70 24 22 28 22 24 29 27 15
59 95 50 48 48
69 73 70 69 99 50 89 60 87 86
60 51 46 66 98 66 63 63 82
65 95 62 95 47 78 49 60 60 89 78 60 74
61 47 66 75 96
61 88 53 57
88 88 52 93 71 75 82 74
62 64 64 88 53 97 97 62 95 94 69 99 99 72 67 63 72
62 50 55 55 60 99 69 50 57 77
62 63 81 52 62 47 75 72
53 47 49 24 28 22 19 22
63 51 49 78 87 46 95 46 57
88 52 88 88 61 79
97 78 76 96 63 72 67 99
64 67 95 46 46 57 80 68 79 46
64 64 55 88 80 77 80 47 68 80 47 68
65 64 62 84 63 98 73 62 54 89
65 88 80 50 62 73 87 60 99
57 76 76 76 60
84 95 62 50 99 50 68 79 51 68
73 69 78 55 60 64 97 53 64
66 98 78 98 86 53 64 60 91
67 64 64 62 50 48 50 62 64 55 64 53 64 55 64 53 78 88 74
60 77 80 75 88 69 77
67 92 74 58 47 47 51 72 80 57
64 53 47 80 93 56 60 89 74 89 80
82 96 50 86 85 86 87 48 50 99
89 85 90 76 90 76 73
69 99 67 99 91 46 91 58 48 85 90 83
83 63 63 72 63 97 81 92 54 65
69 60 68 79 68 82 75 51 79 58 48 60 64
70 49 88 69 91 46 89 55
70 98 57 79 57 77 87 98 86 47 80 74 89
70 98 99 50 62 95 95 48 86 85 62 81 79
71 93 97 56 93 71 56 60 79 54 4 9
93 52 52 81 62 80 47 95 77 51 61 61 90
98 49 49 53 89 92 92 68 74 82
1 68 52 79 57 54 72 51 55 60 83
86 65 57 47 77 68
72 65 68 79 54 92
73 98 95 47 95 65 55 99 62 45 62 55 92
73 72 67 72 47 49 67 99 55 65
62 71 58 54 83 98 98
6 12 0 6 0 12 9 9 3
54 63 95 67 99 60 56 39 39
74 75 88 52 81 43 44 43 43 39
88 60 83 54 54 78 60 83 85 90 76 83 63 96 81
75 47 68 82 74 83 76 84 63 85 85 83 94
75 88 59 58
76 90 85 50 64 62 95
53 53 88 80 71 79 52
69 73 66 58 79 61 53 97 53 97 56
77 80 77 95 77 89 94 81 43 44 41 44
89 74 68 74 89 77 60 73 97 60 87 48 50
89 77 47 82 68 89 65
49 27 27 20 26 93 49
78 98 17 27 15 20 25 18 28 29 24
49 47 49 57 47 95 62 84 99 87 55 65 55 87
61 52 88 52 52 72 74
79 48 46 74 89 74 68 6
74 89 60 55 92 54 47 97 53 97
77 65 55 60 83 54 89 77 75 74 82 80
80 71 51 72 64 62 65 72 98
52 79 68 81
62 73 69 76 83 69 73 62 84 76 83 92 54
57 95 62 93 52 94 46
81 74 89 57 98 73 62 81 43 39 44 30 36
82 77 60 83 48 68 80 95 62 73
82 90 61 90 11 32 2 11 5 11 2
6 14 10 0 14 11 7 7 13 12 12 10
76 78 66 58 48 85 85
83 94 78 60 47 75 75 47 71 93 71 50 99 74
49 26 20 21 15 26 17 26 19 28 22
84 76 73 62 73 98 70 78 88 88 76 91 66 59
84 99 69 79 79 71 71 81 65 57
84 84 62 84 73 62 50
85 90 90 52 97 50 94
77 89 77 89 67 82
85 90 11 32 41 42 36 41 33 41 34
64 55 82 54 59 66 98 73
86 87 48 48 58 79 58 99 69 99
91 61 51 65 47
87 46 80 47 95 46 61 9 10
87 60 88 53 88 53 60 50 50 99 60
63 70 98
88 74 49 93 98 52 93 49 93 52 81 72 63 96 63 84
88 75 82 92 68 92 68 82 75 53 64 65
53 88 53 97 71 81 92 54 54 83 69 93 52
62 64 55 81 92 81 43 43 91 46
89 59 66 93 52 80 47 95 97 51 82 61
89 57 86 50 46 91 63 83 54 26 17
90 85 90 72 63 99 52 88 52
11 5 84 76 47 71 50 99 69 99
75 75 68 79 66 93
81 98 73 69 94 69 99 50 48 85 83 84
91 79 46 86
91 63 96 63 96 74 53 97 97 56 71 56 97
92 82 79 51 88 53 97 78 84 99 84 91
92 63 63 81 93 49
92 54 1 4 10 4 13 13 9 13 0 12 6 12
93 52 67 98 66 91 66 70 57 89 60 60 99
93 49 57 91 46 57 98 85 22 26 98 71 52
54 83 83 60 60 83 54 74 89 52 93 55 81 43
94 83 69 60 73 58 55 55
94 95 77 87 50 99 50 50 86 95
46 91 51 57 46 94 73 76 84
95 53 97 77 80 47 90 61 51 51 81 63 72 67 67
77 52 81 54 58 71 48 65 86 95 47 80 68
53 88 52 81 62 73 65 84
96 63 72 67 64 67 93 56 77 80
92 68 93 83
49 47 53 64 62 50 62 84 76 76 97 81 43 37 43
97 53 47 49 77 56 88 68 79
86 95 46 58 89 75 74 96 60 69 73
97 54 74 75 69
82 51 74 75 82 82 82 1 6 0
98 49 80 47 53 88 50 62 84 62
98 45 69 73 60 84 76 69 76 76 83 76
64 53 88 73 98 85 56
99 84 62 95 67 98 98 54
99 91 66 93 66 80 47 47 88 47 75 75 54 92
