0 5 0 5 11 4 10 4 10 3
0 7 4 11 2 11 4 10 0 10
0 8 0 7 0 5 11 4 7 9
1 82 75 74 82 1 6 12 9 7
1 6 0 6 7 6 7 0 12 6
1 4 1 6 0 10 5 11 32 41
2 11 5 11 90 61 47 75 51 81
2 11 5 10 5 0 7 13 4 13
2 11 32 11 14 9 13 12 0 7
3 10 5 11 5 10 5 11 2 11
3 11 90 85 48 85 86 85 83 76
3 10 4 13 4 13 9 14 9 12
4 7 9 12 9 12 13 14 11 4
4 7 6 12 6 1 4 9 10 3
4 9 13 12 6 1 4 10 4 7
5 10 4 13 9 12 6 12 0 5
5 11 14 13 12 6 12 9 7 6
5 11 4 1 4 11 2 11 14 13
6 0 7 9 4 10 14 11 5 10
6 0 8 0 7 4 10 5 10 0
6 0 8 0 10 9 7 4 7 3
7 13 7 4 13 14 9 10 14 13
7 0 6 7 0 8 0 6 12 13
7 4 1 82 96 63 72 63 83 60
8 0 6 12 0 10 5 11 14 10
8 0 6 0 8 0 10 9 7 0
8 0 6 1 4 7 6 1 6 12
9 10 3 10 3 10 5 11 90 76
9 7 0 12 6 7 3 7 4 7
9 7 3 10 0 10 4 10 0 10
10 4 1 4 10 4 1 4 11 5
10 14 11 4 10 3 11 90 61 51
10 9 10 9 13 14 11 2 11 2
11 90 85 98 49 78 88 52 79 68
11 4 11 90 85 86 95 46 57 50
11 3 11 4 7 13 4 10 14 10
12 0 8 0 10 0 6 1 6 12
12 9 4 1 4 1 6 12 9 10
12 13 9 7 3 7 13 9 7 4
13 9 13 7 3 11 3 7 0 6
13 9 12 13 7 9 14 10 3 10
13 4 13 12 9 7 0 12 9 13
14 13 14 11 4 9 7 0 6 1
14 9 12 6 0 12 9 4 10 4
14 13 7 9 14 11 32 11 3 10
15 27 28 22 18 25 18 25 29 26
15 27 15 20 15 25 20 15 23 15
15 20 15 22 21 15 22 24 19 22
16 21 16 19 28 24 22 28 19 24
16 19 24 22 21 15 22 19 24 29
16 21 15 20 26 18 26 20 26 49
17 26 49 98 57 50 48 85 48 87
17 26 18 26 19 28 29 26 18 26
17 26 29 25 20 25 20 25 19 16
18 26 29 26 49 78 98 71 80 50
18 25 20 25 20 25 20 25 24 29
18 25 18 25 29 24 29 24 27 28
19 16 19 24 25 15 20 26 29 28
19 25 19 28 27 15 20 15 25 19
19 26 18 22 24 27 28 27 24 25
20 25 15 23 15 21 27 15 27 21
20 15 20 25 19 22 18 22 28 22
20 26 20 15 20 25 29 28 29 24
21 22 21 27 24 25 24 29 26 18
21 22 18 22 19 28 29 26 19 16
21 22 21 15 21 22 28 29 24 29
22 18 25 15 27 28 29 28 19 24
22 28 27 28 24 27 21 16 19 22
22 21 22 28 22 15 21 22 21 22
23 15 22 28 19 28 27 24 27 15
23 15 22 21 16 19 16 21 27 15
23 15 25 20 15 20 15 27 15 20
24 28 29 26 20 26 17 26 49 26
24 29 28 19 22 28 27 24 29 24
24 19 25 19 25 15 20 25 29 28
25 19 25 15 27 28 27 28 24 19
25 18 22 19 22 15 20 26 49 58
25 19 28 27 28 24 22 15 22 18
26 29 25 29 24 22 21 16 21 16
26 18 22 28 29 26 19 26 18 22
26 29 24 27 15 23 15 25 20 15
27 28 22 18 25 19 22 28 27 21
27 28 27 28 22 21 15 20 25 19
27 24 27 15 22 21 16 21 22 19
28 24 27 15 21 27 15 20 15 25
28 24 22 28 29 25 24 28 27 24
28 22 15 23 15 21 15 22 18 22
29 28 24 25 29 28 19 24 27 15
29 28 24 27 15 21 15 21 16 21
29 25 18 25 29 25 20 25 29 24
30 42 43 34 40 35 41 34 41 44
30 35 41 44 43 34 37 34 41 44
30 36 30 40 35 41 32 11 14 10
31 36 30 38 30 38 30 35 30 36
31 36 30 42 36 37 36 31 34 37
31 36 31 36 37 39 34 41 33 37
32 11 14 11 4 11 5 10 5 10
32 41 32 41 34 41 34 41 35 30
32 11 4 10 0 12 13 4 11 32
33 41 33 37 34 37 33 40 39 37
33 40 33 40 44 39 40 30 38 30
33 40 34 39 40 34 40 33 41 44
34 39 44 41 35 40 34 31 34 40
34 41 34 41 35 30 35 30 37 39
34 37 33 40 39 42 30 42 30 37
35 40 34 43 39 34 40 33 37 33
35 30 38 30 35 30 36 37 30 36
35 41 32 41 32 11 5 0 12 13
36 37 34 40 33 37 36 30 37 43
36 30 37 34 40 30 42 30 37 36
36 42 43 34 31 36 30 35 41 32
37 33 37 43 81 62 84 91 66 98
37 36 42 39 43 39 40 33 37 43
37 43 44 41 32 41 44 40 39 40
38 30 42 43 34 39 37 33 37 39
38 30 35 41 35 41 34 43 44 39
38 30 40 44 40 35 40 44 41 35
39 43 81 97 53 64 62 45 62 50
39 44 43 44 41 32 41 34 31 34
39 34 40 35 30 37 39 43 34 41
40 34 39 42 36 42 30 36 37 36
40 44 41 33 40 30 36 37 30 42
40 44 41 35 30 42 30 42 36 37
41 33 37 43 44 41 32 11 3 10
41 32 41 32 41 35 41 35 30 35
41 32 11 32 41 33 41 34 40 35
42 43 44 43 81 71 56 60 52 88
42 39 34 31 34 37 33 41 33 41
42 43 39 37 36 37 39 34 31 36
43 81 63 72 67 98 78 98 78 88
43 42 39 44 40 44 41 34 39 42
43 34 31 34 31 36 31 34 37 43
44 43 39 34 39 44 43 37 36 37
44 40 33 40 44 39 43 81 97 53
44 39 34 40 35 41 33 41 35 41
45 62 45 62 95 62 95 46 91 46
45 62 50 57 98 70 98 70 98 57
45 62 45 62 73 62 64 67 72 67
46 95 77 47 80 77 47 61 51 79
46 95 86 87 46 91 51 75 51 79
46 95 86 87 48 58 59 58 89 74
47 80 68 79 57 46 94 46 94 83
47 80 88 78 49 58 89 58 48 85
47 49 47 53 88 78 49 58 66 93
48 87 46 91 63 81 52 79 58 49
48 87 86 95 86 85 98 67 99 69
48 85 48 85 98 66 98 49 93 52
49 57 79 52 93 66 58 66 93 52
49 47 53 64 62 45 62 73 98 73
49 26 18 25 18 25 15 22 24 29
50 99 67 98 67 72 51 46 51 46
50 57 77 47 61 47 95 94 83 94
50 48 86 65 95 77 60 55 64 62
51 91 46 57 79 52 60 78 76 78
51 75 82 1 6 12 0 8 0 6
51 61 51 79 57 50 48 50 99 50
52 88 80 47 77 60 77 95 94 95
52 79 52 79 68 82 1 82 68 79
52 88 80 71 80 50 48 85 86 65
53 47 49 26 29 24 29 25 19 25
53 97 56 71 57 65 72 63 96 63
53 64 53 47 77 80 77 80 50 80
54 67 98 57 49 47 80 88 52 60
54 67 98 49 98 70 98 67 54 58
54 92 82 68 80 68 74 68 80 88
55 60 69 94 46 94 46 95 86 65
55 81 63 81 52 93 52 81 51 75
55 60 56 97 81 63 83 94 69 73
56 97 81 52 60 99 50 48 87 60
56 97 78 88 52 93 52 60 99 50
56 60 69 76 69 76 83 63 96 63
57 71 57 98 57 65 72 63 91 46
57 79 68 74 82 1 6 7 4 10
57 49 93 66 58 89 58 66 58 48
58 66 91 46 51 46 57 79 57 65
58 49 58 89 77 89 74 75 47 80
58 48 58 59 58 89 60 69 99 60
59 58 71 81 52 60 83 94 46 57
59 58 89 77 60 83 54 83 54 58
59 58 54 83 54 83 54 67 64 55
60 87 46 57 71 80 50 80 71 56
60 99 84 91 46 87 48 58 48 87
60 99 60 77 57 71 98 78 88 75
61 51 81 71 58 66 98 70 98 67
61 51 46 51 61 47 61 90 61 90
61 51 72 65 95 77 80 77 47 95
62 84 91 66 91 84 62 84 91 51
62 45 62 84 91 63 91 63 72 51
62 95 62 73 69 76 84 76 69 73
63 96 63 91 51 81 92 81 43 42
63 81 92 54 74 68 79 51 79 68
63 72 51 46 94 69 99 50 57 98
64 67 99 84 99 69 73 98 71 80
64 62 81 52 81 62 64 53 88 80
64 62 45 62 73 98 71 98 66 59
65 72 51 61 47 61 47 77 57 98
65 95 65 86 87 86 48 87 46 91
65 86 48 86 87 86 48 58 48 85
66 91 51 46 91 51 79 68 82 75
66 98 66 91 84 91 84 99 50 62
66 91 84 99 50 48 86 48 85 98
67 72 51 75 74 89 77 80 71 93
67 54 74 82 92 81 51 61 51 61
67 64 62 81 55 60 83 63 91 51
68 79 58 66 91 66 58 48 86 85
68 74 75 51 61 51 46 57 89 77
68 82 68 82 74 75 74 82 92 54
69 60 69 73 98 85 48 58 49 98
69 94 95 62 45 62 64 53 64 62
69 94 95 46 51 75 51 46 91 84
70 98 78 98 78 98 66 91 51 75
70 98 85 90 85 90 61 90 85 86
70 98 71 81 52 88 80 50 80 77
71 81 43 42 36 31 36 31 36 42
71 58 54 92 82 75 82 74 54 67
71 98 49 58 71 81 62 84 91 46
72 51 75 82 92 81 55 60 78 49
72 67 72 65 57 65 72 63 83 60
72 65 95 77 95 46 94 83 54 83
73 98 73 98 66 58 89 60 89 60
73 69 60 78 76 90 61 51 81 51
73 62 50 62 64 62 81 63 96 82
74 82 1 6 1 6 7 9 13 9
74 89 74 82 68 82 75 47 80 68
74 75 74 75 88 78 88 75 82 1
75 74 89 58 66 91 51 79 52 93
75 47 95 86 95 94 83 94 69 94
75 74 89 77 57 89 57 71 81 51
76 69 94 83 94 95 65 95 86 48
76 69 94 46 91 66 93 71 57 46
76 84 91 63 81 43 42 30 40 34
77 95 46 51 46 51 61 47 95 65
77 89 58 66 93 49 47 95 62 50
77 60 56 71 57 71 81 71 98 67
78 60 99 84 62 73 69 60 56 97
78 97 81 63 83 54 67 54 58 79
78 60 69 76 83 60 78 76 90 61
79 57 50 62 50 62 81 51 61 47
79 51 79 51 46 94 69 60 69 60
79 57 77 80 50 48 50 57 79 58
80 71 57 77 80 68 74 75 88 80
80 71 56 71 80 50 80 50 62 73
80 71 80 68 74 54 92 81 62 50
81 43 42 36 30 40 39 34 37 39
81 43 39 42 39 44 41 33 41 34
81 63 91 51 72 65 72 51 81 97
82 1 82 92 82 74 75 88 78 49
82 75 82 96 82 75 51 75 51 91
82 75 88 53 97 78 88 78 76 69
83 60 87 60 77 89 57 46 51 91
83 54 92 82 92 54 74 54 74 68
83 94 46 51 79 58 71 57 71 80
84 62 50 99 84 91 84 76 83 94
84 91 46 51 72 51 91 51 81 92
84 99 84 91 63 91 63 72 51 91
85 86 48 58 49 98 78 49 47 53
85 83 54 58 79 57 65 95 86 95
85 83 85 98 49 93 71 98 57 50
86 65 57 71 57 79 52 93 66 93
86 65 57 98 66 98 78 76 84 76
86 85 86 65 57 65 57 98 78 97
87 48 50 62 64 62 50 62 64 62
87 60 83 60 52 88 78 49 58 66
87 48 50 57 71 57 71 58 59 58
88 78 49 98 78 98 71 81 43 44
88 75 47 95 46 94 83 94 83 54
88 53 88 75 51 72 65 86 48 50
89 58 89 58 79 57 46 51 79 52
89 57 89 77 47 53 64 55 64 67
89 77 80 88 78 60 52 81 97 56
90 85 86 85 86 95 94 69 76 78
90 11 3 7 6 0 8 0 10 3
90 11 3 10 0 10 14 10 14 10
91 46 51 79 52 79 51 79 51 91
91 63 72 65 95 65 95 77 95 46
91 51 79 52 81 71 80 88 78 76
92 54 83 94 69 73 69 99 69 73
92 82 68 74 82 74 82 96 82 75
92 81 63 96 82 68 82 68 80 68
93 49 78 49 57 89 58 71 56 71
93 52 81 71 56 60 55 65 72 63
93 52 60 55 81 63 72 67 98 71
94 95 77 95 77 60 55 81 43 81
94 83 94 46 57 89 58 71 56 71
94 83 76 69 60 78 60 78 98 49
95 65 72 67 54 74 82 92 81 43
95 47 49 98 70 98 71 93 49 98
95 77 60 77 47 80 47 53 97 78
96 82 75 74 82 96 63 83 54 83
96 63 72 67 72 63 96 63 83 76
96 63 96 63 96 82 68 82 92 54
97 81 71 57 71 58 66 59 66 93
97 53 47 75 88 78 88 52 88 80
97 78 88 52 79 58 48 58 71 58
98 57 89 74 89 58 79 52 93 52
98 49 58 66 91 66 93 49 26 17
98 70 98 73 62 81 97 53 88 80
99 67 72 65 55 64 62 81 92 82
99 60 69 73 98 71 81 52 79 68
99 67 54 83 63 81 62 84 91 66
